0	1
0	2
0	3
0	4
0	5
0	6
0	7
0	8
0	9
1	2
1	3
1	4
1	5
1	6
1	7
1	8
1	9
2	3
2	4
2	5
2	6
2	7
2	8
2	9
3	4
3	5
3	6
3	7
3	8
3	9
4	5
4	6
4	7
4	8
4	9
5	6
5	7
5	8
5	9
5	10
6	7
6	8
6	9
6	10
6	11
7	8
7	9
7	10
7	11
7	12
8	9
8	10
8	11
8	12
8	13
9	10
9	11
9	12
9	13
9	14
10	11
10	12
10	13
10	14
10	15
11	12
11	13
11	14
11	15
11	16
12	13
12	14
12	15
12	16
12	17
13	14
13	15
13	16
13	17
13	18
14	15
14	16
14	17
14	18
14	19
15	16
15	17
15	18
15	19
15	20
16	17
16	18
16	19
16	20
16	21
17	18
17	19
17	20
17	21
17	22
18	19
18	20
18	21
18	22
18	23
19	20
19	21
19	22
19	23
19	24
20	21
20	22
20	23
20	24
20	25
21	22
21	23
21	24
21	25
21	26
22	23
22	24
22	25
22	26
22	27
23	24
23	25
23	26
23	27
23	28
24	25
24	26
24	27
24	28
24	29
25	26
25	27
25	28
25	29
26	27
26	28
26	29
26	30
27	28
27	29
27	30
27	31
28	32
28	29
28	30
28	31
29	32
29	33
29	30
29	31
30	32
30	33
30	34
30	35
30	31
31	32
31	33
31	34
31	35
31	36
32	33
32	34
32	35
32	36
32	37
33	34
33	35
33	36
33	37
33	38
34	35
34	36
34	37
34	38
34	39
35	36
35	37
35	38
35	39
35	40
36	37
36	38
36	39
36	40
36	41
37	38
37	39
37	40
37	41
37	42
38	39
38	40
38	41
38	42
38	43
39	40
39	41
39	42
39	43
39	44
40	41
40	42
40	43
40	44
40	45
41	42
41	43
41	44
41	45
41	46
42	43
42	44
42	45
42	46
42	47
43	44
43	45
43	46
43	47
43	48
44	45
44	46
44	47
44	48
44	49
45	46
45	47
45	48
45	49
45	50
46	47
46	48
46	49
46	50
46	51
47	48
47	49
47	50
47	51
47	52
48	49
48	50
48	51
48	52
48	53
49	50
49	51
49	52
49	53
49	54
50	51
50	52
50	53
50	54
50	55
51	52
51	53
51	54
51	55
51	56
52	53
52	54
52	55
52	56
52	57
53	54
53	55
53	56
53	57
53	58
54	55
54	56
54	57
54	58
54	59
55	56
55	57
55	58
55	59
55	60
56	57
56	58
56	59
56	60
56	61
57	58
57	59
57	60
57	61
57	62
58	59
58	60
58	61
58	62
58	63
59	64
59	60
59	61
59	62
59	63
60	64
60	65
60	61
60	62
60	63
61	64
61	65
61	66
61	62
61	63
62	64
62	65
62	66
62	67
62	63
63	64
63	65
63	66
63	67
63	68
64	65
64	66
64	67
64	68
64	69
65	66
65	67
65	68
65	69
65	70
66	67
66	68
66	69
66	70
66	71
67	68
67	69
67	70
67	71
67	72
68	69
68	70
68	71
68	72
68	73
69	70
69	71
69	72
69	73
69	74
70	71
70	72
70	73
70	74
70	75
71	72
71	73
71	74
71	75
71	76
72	73
72	74
72	75
72	76
72	77
73	74
73	75
73	76
73	77
73	78
74	75
74	76
74	77
74	78
74	79
75	76
75	77
75	78
75	79
75	80
76	77
76	78
76	79
76	80
76	81
77	78
77	79
77	80
77	81
77	82
78	79
78	80
78	81
78	82
78	83
79	80
79	81
79	82
79	83
79	84
80	81
80	82
80	83
80	84
80	85
81	82
81	83
81	84
81	85
81	86
82	83
82	84
82	85
82	86
82	87
83	84
83	85
83	86
83	87
83	88
84	85
84	86
84	87
84	88
84	89
85	86
85	87
85	88
85	89
85	90
86	87
86	88
86	89
86	90
86	91
87	88
87	89
87	90
87	91
87	92
88	89
88	90
88	91
88	92
88	93
89	90
89	91
89	92
89	93
89	94
90	91
90	92
90	93
90	94
90	95
91	96
91	92
91	93
91	94
91	95
92	96
92	97
92	93
92	94
92	95
93	96
93	97
93	98
93	94
93	95
94	96
94	97
94	98
94	99
94	95
95	96
95	97
95	98
95	99
95	100
96	97
96	98
96	99
96	100
96	101
97	98
97	99
97	100
97	101
97	102
98	99
98	100
98	101
98	102
98	103
99	100
99	101
99	102
99	103
99	104
100	101
100	102
100	103
100	104
100	105
101	102
101	103
101	104
101	105
101	106
102	103
102	104
102	105
102	106
102	107
103	104
103	105
103	106
103	107
103	108
104	105
104	106
104	107
104	108
104	109
105	106
105	107
105	108
105	109
105	110
106	107
106	108
106	109
106	110
106	111
107	108
107	109
107	110
107	111
107	112
108	109
108	110
108	111
108	112
108	113
109	110
109	111
109	112
109	113
109	114
110	111
110	112
110	113
110	114
110	115
111	112
111	113
111	114
111	115
111	116
112	113
112	114
112	115
112	116
112	117
113	114
113	115
113	116
113	117
114	115
114	116
114	117
114	118
115	116
115	117
115	118
115	119
115	120
116	117
116	118
116	119
116	120
116	121
117	118
117	119
117	120
117	121
117	122
118	119
118	120
118	121
118	122
118	123
119	120
119	121
119	122
119	123
119	124
120	121
120	122
120	123
120	124
120	125
121	122
121	123
121	124
121	125
121	126
122	123
122	124
122	125
122	126
122	127
123	128
123	124
123	125
123	126
123	127
124	128
124	129
124	125
124	126
124	127
125	128
125	129
125	130
125	126
125	127
126	128
126	129
126	130
126	131
126	127
127	128
127	129
127	130
127	131
127	132
128	129
128	130
128	131
128	132
128	133
129	130
129	131
129	132
129	133
129	134
130	131
130	132
130	133
130	134
131	132
131	133
131	134
131	135
132	133
132	134
132	135
132	136
132	137
133	134
133	135
133	136
133	137
133	138
134	135
134	136
134	137
134	138
134	139
135	136
135	137
135	138
135	139
135	140
136	137
136	138
136	139
136	140
136	141
137	138
137	139
137	140
137	141
137	142
138	139
138	140
138	141
138	142
138	143
139	140
139	141
139	142
139	143
139	144
140	141
140	142
140	143
140	144
140	145
141	142
141	143
141	144
141	145
142	143
142	144
142	145
142	146
143	144
143	145
143	146
143	147
144	145
144	146
144	147
144	148
145	146
145	147
145	148
145	149
145	150
146	147
146	148
146	149
146	150
146	151
147	148
147	149
147	150
147	151
147	152
148	149
148	150
148	151
148	152
148	153
149	150
149	151
149	152
149	153
149	154
150	151
150	152
150	153
150	154
150	155
151	152
151	153
151	154
151	155
151	156
152	153
152	154
152	155
152	156
152	157
153	154
153	155
153	156
153	157
153	158
154	155
154	156
154	157
154	158
154	159
155	160
155	156
155	157
155	158
155	159
156	160
156	161
156	157
156	158
156	159
157	160
157	161
157	162
157	158
157	159
158	160
158	161
158	162
158	163
158	159
159	160
159	161
159	162
159	163
159	164
160	161
160	162
160	163
160	164
161	162
161	163
161	164
161	165
162	163
162	164
162	165
162	166
162	167
163	164
163	165
163	166
163	167
163	168
164	165
164	166
164	167
164	168
164	169
165	166
165	167
165	168
165	169
165	170
166	167
166	168
166	169
166	170
166	171
167	168
167	169
167	170
167	171
167	172
168	169
168	170
168	171
168	172
168	173
169	170
169	171
169	172
169	173
169	174
170	171
170	172
170	173
170	174
171	172
171	173
171	174
171	175
171	176
172	173
172	174
172	175
172	176
172	177
173	174
173	175
173	176
173	177
173	178
174	175
174	176
174	177
174	178
174	179
175	176
175	177
175	178
175	179
175	180
176	177
176	178
176	179
176	180
176	181
177	178
177	179
177	180
177	181
177	182
178	179
178	180
178	181
178	182
178	183
179	180
179	181
179	182
179	183
180	181
180	182
180	183
180	184
180	185
181	182
181	183
181	184
181	185
181	186
182	183
182	184
182	185
182	186
182	187
183	184
183	185
183	186
183	187
183	188
184	185
184	186
184	187
184	188
184	189
185	186
185	187
185	188
185	189
186	187
186	188
186	189
186	190
186	191
187	188
187	189
187	190
187	191
188	192
188	189
188	190
188	191
189	192
189	193
189	190
189	191
190	192
190	193
190	194
190	195
190	191
191	192
191	193
191	194
191	195
192	193
192	194
192	195
192	196
192	197
193	194
193	195
193	196
193	197
193	198
194	195
194	196
194	197
194	198
194	199
195	196
195	197
195	198
195	199
195	200
196	197
196	198
196	199
196	200
196	201
197	198
197	199
197	200
197	201
197	202
198	199
198	200
198	201
198	202
198	203
199	200
199	201
199	202
199	203
199	204
200	201
200	202
200	203
200	204
200	205
201	202
201	203
201	204
201	205
201	206
202	203
202	204
202	205
202	206
203	204
203	205
203	206
203	207
204	205
204	206
204	207
204	208
205	206
205	207
205	208
205	209
205	210
206	207
206	208
206	209
206	210
207	208
207	209
207	210
207	211
207	212
208	209
208	210
208	211
208	212
208	213
209	210
209	211
209	212
209	213
209	214
210	211
210	212
210	213
210	214
210	215
211	212
211	213
211	214
211	215
211	216
212	213
212	214
212	215
212	216
212	217
213	214
213	215
213	216
213	217
214	215
214	216
214	217
214	218
214	219
215	216
215	217
215	218
215	219
215	220
216	217
216	218
216	219
216	220
217	218
217	219
217	220
217	221
217	222
218	219
218	220
218	221
218	222
218	223
219	224
219	220
219	221
219	222
219	223
220	224
220	225
220	221
220	222
220	223
221	224
221	225
221	226
221	222
221	223
222	224
222	225
222	226
222	227
222	223
223	224
223	225
223	226
223	227
223	228
224	225
224	226
224	227
224	228
224	229
225	226
225	227
225	228
225	229
226	227
226	228
226	229
226	230
227	228
227	229
227	230
227	231
228	229
228	230
228	231
228	232
229	230
229	231
229	232
229	233
230	231
230	232
230	233
230	234
230	235
231	232
231	233
231	234
231	235
231	236
232	233
232	234
232	235
232	236
232	237
233	234
233	235
233	236
233	237
233	238
234	235
234	236
234	237
234	238
234	239
235	236
235	237
235	238
235	239
235	240
236	237
236	238
236	239
236	240
236	241
237	238
237	239
237	240
237	241
237	242
238	239
238	240
238	241
238	242
239	240
239	241
239	242
239	243
240	241
240	242
240	243
240	244
241	242
241	243
241	244
241	245
242	243
242	244
242	245
242	246
243	244
243	245
243	246
243	247
243	248
244	245
244	246
244	247
244	248
244	249
245	246
245	247
245	248
245	249
245	250
246	247
246	248
246	249
246	250
246	251
247	248
247	249
247	250
247	251
247	252
248	249
248	250
248	251
248	252
248	253
249	250
249	251
249	252
249	253
249	254
250	251
250	252
250	253
250	254
250	255
251	256
251	252
251	253
251	254
251	255
252	256
252	257
252	253
252	254
252	255
253	256
253	257
253	254
253	255
254	256
254	257
254	258
254	255
255	256
255	257
255	258
255	259
256	257
256	258
256	259
256	260
257	258
257	259
257	260
257	261
258	259
258	260
258	261
258	262
258	263
259	260
259	261
259	262
259	263
259	264
260	261
260	262
260	263
260	264
260	265
261	262
261	263
261	264
261	265
261	266
262	263
262	264
262	265
262	266
262	267
263	264
263	265
263	266
263	267
263	268
264	265
264	266
264	267
264	268
264	269
265	266
265	267
265	268
265	269
265	270
266	267
266	268
266	269
266	270
266	271
267	268
267	269
267	270
267	271
267	272
268	269
268	270
268	271
268	272
269	270
269	271
269	272
269	273
270	271
270	272
270	273
270	274
270	275
271	272
271	273
271	274
271	275
271	276
272	273
272	274
272	275
272	276
272	277
273	274
273	275
273	276
273	277
273	278
273	279
274	275
274	276
274	277
274	278
274	279
275	276
275	277
275	278
275	279
275	280
276	277
276	278
276	279
276	280
276	281
277	278
277	279
277	280
277	281
278	279
278	280
278	281
278	282
279	280
279	281
279	282
279	283
280	281
280	282
280	283
280	284
281	282
281	283
281	284
281	285
282	283
282	284
282	285
282	286
282	287
283	288
283	284
283	285
283	286
283	287
284	288
284	289
284	285
284	286
284	287
285	288
285	289
285	290
285	286
285	287
286	288
286	289
286	290
286	291
286	287
287	288
287	289
287	290
287	291
287	292
288	289
288	290
288	291
288	292
288	293
289	290
289	291
289	292
289	293
289	294
290	291
290	292
290	293
290	294
290	295
291	292
291	293
291	294
291	295
291	296
292	293
292	294
292	295
292	296
292	297
293	294
293	295
293	296
293	297
294	295
294	296
294	297
294	298
295	296
295	297
295	298
295	299
295	300
296	297
296	298
296	299
296	300
297	298
297	299
297	300
297	301
297	302
298	299
298	300
298	301
298	302
298	303
299	300
299	301
299	302
299	303
299	304
300	301
300	302
300	303
300	304
300	305
301	302
301	303
301	304
301	305
301	306
302	303
302	304
302	305
302	306
302	307
303	304
303	305
303	306
303	307
304	305
304	306
304	307
304	308
305	306
305	307
305	308
305	309
306	307
306	308
306	309
306	310
307	308
307	309
307	310
307	311
308	309
308	310
308	311
308	312
308	313
309	310
309	311
309	312
309	313
309	314
310	311
310	312
310	313
310	314
310	315
311	312
311	313
311	314
311	315
311	316
312	313
312	314
312	315
312	316
312	317
313	314
313	315
313	316
313	317
313	318
314	315
314	316
314	317
314	318
315	316
315	317
315	318
315	319
316	320
316	317
316	318
316	319
317	320
317	321
317	322
317	318
317	319
318	320
318	321
318	322
318	319
319	320
319	321
319	322
319	323
319	324
320	321
320	322
320	323
320	324
320	325
321	322
321	323
321	324
321	325
321	326
322	323
322	324
322	325
322	326
322	327
323	324
323	325
323	326
323	327
323	328
324	325
324	326
324	327
324	328
324	329
325	326
325	327
325	328
325	329
325	330
326	327
326	328
326	329
326	330
326	331
327	328
327	329
327	330
327	331
327	332
328	329
328	330
328	331
328	332
328	333
329	330
329	331
329	332
329	333
329	334
330	331
330	332
330	333
330	334
330	335
331	332
331	333
331	334
331	335
332	333
332	334
332	335
332	336
333	334
333	335
333	336
333	337
333	338
334	335
334	336
334	337
334	338
335	336
335	337
335	338
335	339
336	337
336	338
336	339
336	340
336	341
337	338
337	339
337	340
337	341
337	342
338	339
338	340
338	341
338	342
339	340
339	341
339	342
339	343
339	344
340	341
340	342
340	343
340	344
340	345
341	342
341	343
341	344
341	345
341	346
342	343
342	344
342	345
342	346
342	347
343	344
343	345
343	346
343	347
343	348
343	349
344	345
344	346
344	347
344	348
344	349
345	346
345	347
345	348
345	349
345	350
346	347
346	348
346	349
346	350
346	351
347	352
347	348
347	349
347	350
347	351
348	352
348	353
348	354
348	349
348	350
348	351
349	352
349	353
349	354
349	355
349	350
349	351
350	352
350	353
350	354
350	355
350	351
351	352
351	353
351	354
351	355
351	356
352	353
352	354
352	355
352	356
352	357
353	354
353	355
353	356
353	357
354	355
354	356
354	357
354	358
355	356
355	357
355	358
355	359
356	357
356	358
356	359
356	360
357	358
357	359
357	360
357	361
357	362
358	359
358	360
358	361
358	362
358	363
359	360
359	361
359	362
359	363
359	364
360	361
360	362
360	363
360	364
360	365
361	362
361	363
361	364
361	365
361	366
362	363
362	364
362	365
362	366
363	364
363	365
363	366
363	367
363	368
364	365
364	366
364	367
364	368
364	369
365	366
365	367
365	368
365	369
365	370
366	367
366	368
366	369
366	370
366	371
367	368
367	369
367	370
367	371
367	372
368	369
368	370
368	371
368	372
368	373
369	370
369	371
369	372
369	373
369	374
370	371
370	372
370	373
370	374
370	375
371	372
371	373
371	374
371	375
372	373
372	374
372	375
372	376
373	374
373	375
373	376
373	377
374	375
374	376
374	377
374	378
374	379
375	376
375	377
375	378
375	379
376	377
376	378
376	379
376	380
376	381
377	378
377	379
377	380
377	381
377	382
378	379
378	380
378	381
378	382
378	383
379	380
379	381
379	382
379	383
380	384
380	385
380	381
380	382
380	383
381	384
381	385
381	386
381	382
381	383
382	384
382	385
382	386
382	387
382	383
383	384
383	385
383	386
383	387
384	385
384	386
384	387
384	388
384	389
385	386
385	387
385	388
385	389
385	390
386	387
386	388
386	389
386	390
386	391
387	388
387	389
387	390
387	391
387	392
388	389
388	390
388	391
388	392
388	393
389	390
389	391
389	392
389	393
390	391
390	392
390	393
390	394
391	392
391	393
391	394
391	395
392	393
392	394
392	395
392	396
393	394
393	395
393	396
393	397
393	398
394	395
394	396
394	397
394	398
394	399
395	396
395	397
395	398
395	399
395	400
396	397
396	398
396	399
396	400
396	401
397	398
397	399
397	400
397	401
397	402
398	399
398	400
398	401
398	402
399	400
399	401
399	402
399	403
400	401
400	402
400	403
400	404
400	405
401	402
401	403
401	404
401	405
402	403
402	404
402	405
402	406
402	407
403	404
403	405
403	406
403	407
403	408
404	405
404	406
404	407
404	408
404	409
405	406
405	407
405	408
405	409
405	410
406	407
406	408
406	409
406	410
406	411
407	408
407	409
407	410
407	411
408	409
408	410
408	411
408	412
409	410
409	411
409	412
409	413
410	411
410	412
410	413
410	414
411	412
411	413
411	414
411	415
412	416
412	417
412	413
412	414
412	415
413	416
413	417
413	418
413	414
413	415
414	416
414	417
414	418
414	419
414	415
415	416
415	417
415	418
415	419
415	420
416	417
416	418
416	419
416	420
416	421
417	418
417	419
417	420
417	421
417	422
418	419
418	420
418	421
418	422
419	420
419	421
419	422
419	423
420	421
420	422
420	423
420	424
421	422
421	423
421	424
421	425
422	423
422	424
422	425
422	426
423	424
423	425
423	426
423	427
423	428
424	425
424	426
424	427
424	428
424	429
425	426
425	427
425	428
425	429
425	430
426	427
426	428
426	429
426	430
426	431
427	428
427	429
427	430
427	431
427	432
428	429
428	430
428	431
428	432
428	433
429	430
429	431
429	432
429	433
429	434
430	431
430	432
430	433
430	434
430	435
431	432
431	433
431	434
431	435
431	436
432	433
432	434
432	435
432	436
432	437
433	434
433	435
433	436
433	437
433	438
434	435
434	436
434	437
434	438
435	436
435	437
435	438
435	439
436	437
436	438
436	439
436	440
437	438
437	439
437	440
437	441
438	439
438	440
438	441
438	442
439	440
439	441
439	442
439	443
439	444
440	441
440	442
440	443
440	444
440	445
441	442
441	443
441	444
441	445
441	446
441	447
442	443
442	444
442	445
442	446
442	447
443	448
443	444
443	445
443	446
443	447
444	448
444	449
444	445
444	446
444	447
445	448
445	449
445	450
445	446
445	447
446	448
446	449
446	450
446	451
446	447
447	448
447	449
447	450
447	451
447	452
448	449
448	450
448	451
448	452
449	450
449	451
449	452
449	453
449	454
450	451
450	452
450	453
450	454
451	452
451	453
451	454
451	455
452	453
452	454
452	455
452	456
453	454
453	455
453	456
453	457
453	458
454	455
454	456
454	457
454	458
455	456
455	457
455	458
455	459
455	460
456	457
456	458
456	459
456	460
456	461
457	458
457	459
457	460
457	461
457	462
458	459
458	460
458	461
458	462
458	463
458	464
459	460
459	461
459	462
459	463
459	464
460	461
460	462
460	463
460	464
460	465
461	462
461	463
461	464
461	465
462	463
462	464
462	465
462	466
463	464
463	465
463	466
463	467
464	465
464	466
464	467
465	466
465	467
465	468
465	469
466	467
466	468
466	469
466	470
466	471
467	468
467	469
467	470
467	471
467	472
468	469
468	470
468	471
468	472
468	473
468	474
469	470
469	471
469	472
469	473
469	474
470	471
470	472
470	473
470	474
470	475
471	472
471	473
471	474
471	475
472	473
472	474
472	475
472	476
473	474
473	475
473	476
473	477
473	478
474	475
474	476
474	477
474	478
475	476
475	477
475	478
475	479
476	480
476	481
476	477
476	478
476	479
477	480
477	481
477	482
477	478
477	479
478	480
478	481
478	482
478	479
479	480
479	481
479	482
479	483
479	484
480	481
480	482
480	483
480	484
480	485
481	482
481	483
481	484
481	485
482	483
482	484
482	485
482	486
482	487
483	484
483	485
483	486
483	487
483	488
484	485
484	486
484	487
484	488
484	489
484	490
485	486
485	487
485	488
485	489
485	490
486	487
486	488
486	489
486	490
486	491
487	488
487	489
487	490
487	491
487	492
488	489
488	490
488	491
488	492
488	493
489	490
489	491
489	492
489	493
489	494
489	495
489	496
489	497
489	498
490	491
490	492
490	493
490	494
490	495
490	496
490	497
490	498
491	492
491	493
491	494
491	495
491	496
491	497
491	498
492	493
492	494
492	495
492	496
492	497
492	498
493	494
493	495
493	496
493	497
493	498
494	495
494	496
494	497
494	498
495	496
495	497
495	498
496	497
496	498
497	498
