0.229861846253
0.218998559905
0.208619579729
0.200616673353
0.195371191783
0.191482279681
0.188821951227
0.186719974746
0.18418209539
0.183917977591
0.181675649027
0.181391537123
0.179859783123
0.179237688336
0.17883962482
0.176871963676
0.174762044442
0.175156100007
0.173134946504
0.171388319775
0.170296381786
0.169009863811
0.167371074571
0.162990947163
0.160208800612
0.159409416927
0.157309694855
0.15928410878
0.157685423258
0.154844334186
0.156299237957
0.156775171067
0.155753941949
0.154692975327
0.146069141138
0.151589280176
0.150405878909
0.15674064338
0.146812215473
0.149461169601
0.148362854186
0.154848072306
0.156966905297
0.155399411223
0.154257898448
0.152744794367
0.156002303534
0.153646176125
0.151556460494
0.157690712594
0.151226725879
0.156167595343
0.161949183376
0.157134605523
0.159400489535
0.167636286474
0.159248923546
0.157567353925
0.164405955575
0.164445931666
0.163201964615
0.174308204375
0.157228832213
0.159017847716
0.169197729769
0.164185233797
0.169348782627
0.162154041107
0.173635204813
0.167404153427
0.162951200863
0.172710927151
0.177951412578
0.180792856244
0.161357242403
0.171757626238
0.169248860782
0.173600026591
0.178850294222
0.183104595294
0.181215263858
0.177974202213
0.183907400296
0.177395621435
0.178916526525
0.17390592877
0.177956406595
0.189019923055
0.180063115743
0.179003405639
0.176835509093
0.181191741192
0.182985569518
0.185873402446
0.189017924787
0.185728077968
0.183370764222
0.181072071867
0.186920540898
0.185493207854
0.188627303928
0.188367749166
0.187452712425
0.18986386759
0.193434070982
0.194696334409
0.194267278967
0.19657922163
0.192066004063
0.198933212922
0.190924838699
0.196791964987
0.19141611604
0.193866613522
0.192854389055
0.190968022911
0.188367829457
0.180103204457
0.189487658162
0.188365702102
0.193250144119
0.19321631556
0.192959869188
0.19006956702
0.192983884739
0.189922718763
0.196963600022
0.19778968378
0.189486667996
0.194343268578
0.193362100356
0.194474817256
0.193741222826
0.192213193517
0.197264416756
0.18586289707
0.199581505766
0.189507887007
0.198346865068
0.197402310886
0.196155567557
0.197877791981
0.19975951598
0.193741387148
0.20278555184
0.201750281263
0.19721737483
0.200755729816
0.198379774063
0.199385749024
0.195478353289
0.199075318283
0.205480483038
0.203525214597
0.205685085605
0.200154430766
0.195538752597
0.199998930912
0.19960489423
0.203551414684
0.207563364568
0.21232937069
0.21409991117
0.204285409463
0.200465290602
0.206482511603
0.208636245037
0.204329989838
0.204064863126
0.204332172546
0.213108609959
0.203224244335
0.20551229171
0.20165133095
0.204643364915
0.200002582104
0.203529703789
0.202376385098
0.203720732284
0.196513500468
0.202676563377
0.210120021278
0.206404635116
0.212958569762
0.209070449634
0.199362941827
0.209613037185
0.210846066016
0.208815298165
0.216335857782
0.212707491937
0.21092527535
0.209256908045
0.205989766961
0.208347485073
0.199184932938
0.205777130427
0.211569157348
0.20384675766
0.207726659847
0.202041053368
0.209053544376
0.207702310918
0.210169119996
0.212797371082
0.208401365739
0.209917517556
0.19940479143
0.205908534105
0.210712462665
0.21113881201
0.209471188801
0.210856701475
0.207919393691
0.210229720702
0.206761402607
0.206346132324
0.207614871868
0.208096694015
0.2067514853
0.211886992698
0.209021119591
0.208949368675
0.216311665385
0.212166267919
0.2085285229
0.205737966164
0.218603947024
0.209983357942
0.205513643956
0.210737654589
0.218943143642
0.215158189324
0.209944517872
0.209488961837
0.207572476746
0.217948426537
0.219785864095
0.215545018511
0.211876353211
0.208551919273
0.213807194797
0.216290581508
0.211279349886
0.21357653103
0.214844174897
0.21040628766
0.210696260698
0.209120614774
0.213376164723
0.211523720538
0.213134596631
0.212629216057
0.207982079632
0.212966458756
0.213697944494
0.223264379702
0.217623985231
0.216099772732
0.22213348447
0.217674139671
0.215786888482
0.212851040939
0.218407546761
0.213548899367
0.214238425704
0.214441659075
0.211364740398
0.215844263878
0.213909358639
0.215552827782
0.213961428669
0.221104385491
0.219855296304
0.222131397508
0.217235575584
0.221235897357
0.212858419038
0.212962740305
0.217860184364
0.224771375022
0.214667004485
0.211765131858
0.214935403322
0.218368321373
0.21445454589
0.220329834286
0.215907958905
0.213935901519
0.213715535299
0.213709372338
0.216170171329
0.214933123639
0.215901107364
0.215938767049
0.21913081471
0.221881847972
0.225758181269
0.217673347782
0.21984433886
0.222749405039
0.22121844738
0.218426576018
0.221156400368
0.216235133152
0.213999938651
0.218664232736
0.21655032575
0.223899174744
0.222056150114
0.219511497937
0.22360747185
0.2263796168
0.220014427963
0.224343489455
0.223332578488
0.21927094781
0.214432712723
0.209942866031
0.212431996982
0.215345715041
0.216281715719
0.215578425677
0.220160889389
0.219553609632
0.215358775231
0.220168371397
0.218425768236
0.221854488704
0.228248484688
0.225807771865
0.221692032965
0.218252017487
0.221793609472
0.218682690715
0.21759379671
0.220314049231
0.216084523994
0.210440030642
0.211254691047
0.212500522117
0.21689786352
0.218720510209
0.222717029229
0.219226129073
0.219726584737
0.220750391201
0.214068253295
0.219501987645
0.216843235471
0.217941023463
0.221700033592
0.225852716189
0.226322824957
0.22179334163
0.222533242242
0.218969970368
0.225849237199
0.22426547724
0.221048017599
0.222139087566
0.221318764706
0.221044967128
0.218464958586
0.213144067755
0.223791194212
0.221988003935
0.22667829138
0.216338150511
0.216767760009
0.222418880422
0.222680765435
0.221795467346
0.221725908566
0.223390799289
0.217572333188
0.221219794598
0.216820147274
0.221971170569
0.219506148114
0.224029285177
0.225412519957
0.229863359795
0.22369303914
0.229755376697
0.230447237531
0.225030851028
0.220998968807
0.223102459978
0.223639162044
0.227457565619
0.222484354397
0.225284975055
0.2258682933
0.225160666515
0.223501622818
0.222185113435
0.221994666386
0.226703943525
0.222243321114
0.223520952641
0.2238054549
0.226463248097
0.223396057228
0.224665095172
0.22554908542
0.22480501831
0.224657054874
0.217042486195
0.21988418277
0.222070273908
0.218284726677
0.223101234935
0.227027769689
0.22518251118
0.232898114588
0.229893045017
0.224461167625
0.230264940002
0.231179399083
0.229488596545
0.23121372516
0.226132781002
0.225910532977
0.229360060745
0.225197318319
0.222925595338
0.227854215412
0.231071318118
0.22821347243
0.223328857346
0.225520972955
0.224449648915
0.225584996782
0.22793148529
0.229828035057
0.228820479155
0.223033507516
0.228238845291
0.228163127845
0.228015934988
0.22493440874
0.223806363723
0.225842321184
0.224685912448
0.221929709148
0.223553446685
0.230735179463
0.227850912667
0.224459149437
0.227109585607
0.228794825402
0.22808847892
0.23325928851
0.228851683972
0.233640523031
0.22879355032
0.230511570837
0.223677050819
0.222081055745
0.221699037233
0.222264566841
0.227922092672
0.230395675981
0.23002760303
0.227181361754
0.223410795856
0.219161663706
0.220148325377
0.224969661093
0.226334781809
0.227896288964
0.226206484873
0.227442300946
0.227390610779
0.22978697024
0.223303093573
0.222808092554
0.224362836682
0.218742963779
0.223965946876
0.224114593427
0.22744795589
0.224154059957
0.22658004382
0.228863832124
0.22476725748
0.226089835823
0.223988919516
0.227004009645
0.232660185696
0.229894300335
0.228467696122
0.22878383129
0.227266047214
0.228970908233
0.228047692901
0.227215209266
0.226142247043