0	1
0	67
0	993
0	233
0	1036
0	175
0	192
0	574
0	671
1	258
1	67
1	233
1	192
1	175
1	1202
1	574
1	671
2	392
2	233
2	364
2	688
2	595
2	755
2	1142
2	471
2	1178
3	673
3	386
3	67
3	1253
3	1163
3	494
3	144
3	663
3	216
4	67
4	391
4	233
4	175
4	304
4	177
4	284
4	574
4	671
5	392
5	233
5	364
5	688
5	1009
5	595
5	755
5	1142
5	471
6	67
6	327
6	233
6	175
6	1202
6	574
6	23
6	25
6	254
6	671
7	993
7	67
7	520
7	233
7	1036
7	175
7	956
7	574
7	671
8	582
8	233
8	42
8	688
8	1009
8	595
8	1142
8	755
8	1178
9	993
9	67
9	233
9	175
9	1009
9	210
9	1075
9	574
9	671
10	897
10	386
10	1158
10	663
10	782
10	109
10	144
10	147
10	148
10	366
10	151
10	416
10	930
10	1064
10	175
10	432
10	693
10	568
10	266
10	574
10	706
10	67
10	1096
10	1225
10	216
10	621
10	480
10	483
10	997
10	233
10	365
10	494
10	361
10	249
10	251
10	636
11	993
11	67
11	233
11	1036
11	175
11	1075
11	956
11	574
11	671
12	392
12	233
12	471
12	688
12	595
12	1142
12	755
12	364
12	1178
13	993
13	67
13	584
13	233
13	1226
13	175
13	824
13	574
13	671
14	993
14	67
14	233
14	1036
14	175
14	179
14	956
14	574
14	671
15	224
15	228
15	81
15	42
15	875
15	364
15	688
15	1009
15	595
15	1075
15	122
16	592
16	993
16	233
16	956
16	1036
16	1202
16	1075
16	412
16	671
17	993
17	67
17	233
17	1036
17	175
17	1202
17	1044
17	956
17	574
17	671
18	392
18	233
18	364
18	688
18	755
18	1142
18	471
18	1178
18	595
19	192
19	993
19	67
19	233
19	267
19	1036
19	175
19	1087
19	239
19	574
19	671
20	392
20	233
20	364
20	688
20	1009
20	595
20	755
20	471
20	1178
21	192
21	67
21	38
21	233
21	175
21	1008
21	23
21	122
21	30
22	1221
22	1127
22	233
22	39
22	29
22	1033
22	152
22	249
22	1085
23	192
23	67
23	327
23	233
23	1008
23	1171
23	25
23	30
24	390
24	392
24	1004
24	661
24	1049
24	411
24	668
24	508
24	544
24	933
24	428
24	688
24	1080
24	62
24	451
24	329
24	203
24	593
24	595
24	341
24	471
24	486
24	102
24	233
24	362
24	364
24	1009
24	1138
24	617
24	252
25	993
25	67
25	1192
25	233
25	110
25	175
25	1202
25	1075
25	254
25	246
25	956
25	1245
25	574
25	671
26	192
26	993
26	67
26	233
26	175
26	671
26	956
26	574
26	127
27	67
27	233
27	175
27	1073
27	1202
27	1075
27	956
27	574
27	671
28	993
28	67
28	233
28	1036
28	175
28	1202
28	1075
28	574
28	671
29	163
29	1221
29	233
29	175
29	67
29	521
29	956
29	574
29	671
30	192
30	67
30	233
30	175
30	1008
30	179
30	1110
30	58
30	671
31	993
31	67
31	233
31	175
31	1202
31	1075
31	671
31	956
31	574
32	1123
32	471
32	392
32	1131
32	364
32	688
32	1009
32	595
32	755
33	67
33	993
33	233
33	1036
33	175
33	242
33	956
33	574
33	671
34	993
34	67
34	548
34	233
34	1036
34	175
34	1075
34	956
34	574
34	671
35	67
35	993
35	233
35	175
35	1009
35	1075
35	956
35	574
35	671
36	993
36	67
36	233
36	1036
36	175
36	304
36	956
36	574
36	671
37	179
37	70
37	392
37	233
37	364
37	688
37	1009
37	595
37	471
38	993
38	67
38	233
38	1036
38	175
38	671
38	574
38	1183
39	392
39	233
39	364
39	688
39	81
39	595
39	1142
39	471
39	1178
40	70
40	81
40	233
40	364
40	688
40	392
40	595
40	179
40	471
41	993
41	67
41	520
41	1036
41	175
41	425
41	233
41	574
41	671
42	640
42	1024
42	1014
42	518
42	1031
42	233
42	364
42	688
42	392
42	595
42	1132
42	437
42	534
42	471
42	122
42	1148
42	186
43	673
43	386
43	1163
43	233
43	494
43	144
43	663
43	216
43	218
43	827
43	94
44	1253
44	392
44	299
44	364
44	142
44	688
44	306
44	595
44	471
44	233
45	392
45	233
45	471
45	364
45	688
45	595
45	1142
45	755
45	1178
46	67
46	233
46	175
46	1202
46	1016
46	671
46	956
46	574
46	1183
47	67
47	795
47	233
47	1202
47	175
47	178
47	163
47	122
47	574
47	671
48	993
48	67
48	233
48	1036
48	175
48	1202
48	1075
48	574
48	671
49	993
49	233
49	1036
49	592
49	1202
49	1075
49	412
49	956
49	574
50	512
50	1280
50	1063
50	842
50	688
50	81
50	761
50	571
50	445
51	673
51	386
51	1163
51	494
51	1103
51	144
51	663
51	216
51	1215
52	392
52	233
52	364
52	688
52	595
52	1142
52	471
52	1178
52	122
53	392
53	233
53	471
53	364
53	688
53	1009
53	595
53	755
53	1178
54	1253
54	392
54	233
54	299
54	364
54	238
54	688
54	306
54	595
55	993
55	67
55	233
55	567
55	175
55	1202
55	1075
55	440
55	574
55	671
56	392
56	233
56	364
56	688
56	595
56	755
56	1142
56	471
56	1178
57	993
57	67
57	233
57	1036
57	175
57	1202
57	1075
57	574
57	671
58	192
58	993
58	67
58	233
58	1036
58	175
58	574
58	671
59	1253
59	392
59	233
59	299
59	364
59	306
59	530
59	595
59	471
60	993
60	67
60	233
60	175
60	1202
60	1075
60	475
60	574
60	671
61	993
61	67
61	233
61	138
61	653
61	175
61	956
61	574
61	671
62	386
62	1163
62	144
62	663
62	1049
62	668
62	1055
62	544
62	673
62	933
62	1080
62	1047
62	329
62	593
62	341
62	216
62	218
62	736
62	229
62	486
62	231
62	508
62	362
62	1004
62	494
62	1138
62	243
62	617
62	252
62	102
63	993
63	67
63	1221
63	233
63	1036
63	175
63	304
63	956
63	671
64	392
64	233
64	1163
64	364
64	1037
64	688
64	1009
64	1075
64	755
64	471
64	446
65	392
65	233
65	471
65	364
65	688
65	1009
65	595
65	1142
65	755
66	392
66	233
66	364
66	688
66	1009
66	595
66	755
66	1142
66	471
67	69
67	71
67	75
67	76
67	77
67	78
67	82
67	87
67	90
67	91
67	92
67	93
67	95
67	97
67	98
67	99
67	100
67	101
67	104
67	106
67	109
67	119
67	122
67	127
67	130
67	133
67	135
67	136
67	137
67	138
67	139
67	141
67	143
67	146
67	148
67	149
67	156
67	157
67	158
67	159
67	161
67	163
67	164
67	165
67	166
67	167
67	168
67	170
67	172
67	174
67	175
67	177
67	178
67	182
67	183
67	184
67	188
67	189
67	190
67	191
67	192
67	193
67	194
67	195
67	196
67	197
67	198
67	199
67	200
67	201
67	203
67	204
67	207
67	208
67	210
67	211
67	212
67	214
67	217
67	219
67	220
67	221
67	222
67	225
67	226
67	227
67	232
67	233
67	236
67	239
67	240
67	242
67	244
67	245
67	249
67	250
67	253
67	255
67	258
67	259
67	260
67	271
67	272
67	276
67	285
67	293
67	298
67	323
67	325
67	326
67	327
67	331
67	337
67	343
67	346
67	347
67	351
67	352
67	354
67	355
67	357
67	361
67	362
67	365
67	366
67	370
67	375
67	379
67	380
67	383
67	387
67	391
67	398
67	400
67	402
67	404
67	409
67	411
67	414
67	416
67	418
67	419
67	423
67	425
67	428
67	432
67	435
67	438
67	439
67	440
67	442
67	446
67	447
67	454
67	456
67	459
67	463
67	466
67	467
67	475
67	483
67	487
67	493
67	495
67	497
67	499
67	500
67	501
67	503
67	506
67	513
67	515
67	517
67	519
67	520
67	521
67	531
67	533
67	537
67	539
67	543
67	550
67	553
67	558
67	559
67	560
67	562
67	563
67	564
67	567
67	568
67	574
67	577
67	585
67	587
67	590
67	591
67	597
67	599
67	606
67	610
67	611
67	615
67	618
67	619
67	620
67	623
67	629
67	631
67	635
67	636
67	637
67	639
67	649
67	651
67	653
67	654
67	656
67	658
67	667
67	669
67	671
67	672
67	675
67	676
67	678
67	685
67	689
67	691
67	693
67	694
67	695
67	696
67	698
67	699
67	701
67	702
67	708
67	710
67	712
67	719
67	724
67	726
67	727
67	729
67	730
67	735
67	740
67	741
67	742
67	745
67	748
67	753
67	754
67	756
67	759
67	767
67	775
67	777
67	778
67	787
67	793
67	794
67	797
67	801
67	803
67	804
67	805
67	810
67	813
67	817
67	822
67	824
67	829
67	834
67	836
67	840
67	841
67	846
67	847
67	856
67	859
67	868
67	871
67	873
67	878
67	881
67	882
67	907
67	911
67	918
67	921
67	932
67	934
67	935
67	937
67	939
67	947
67	948
67	949
67	954
67	955
67	956
67	959
67	967
67	969
67	976
67	979
67	981
67	985
67	988
67	990
67	993
67	995
67	1000
67	1002
67	1007
67	1010
67	1015
67	1027
67	1028
67	1036
67	1038
67	1044
67	1046
67	1054
67	1057
67	1061
67	1062
67	1073
67	1075
67	1076
67	1077
67	1079
67	1083
67	1085
67	1087
67	1096
67	1097
67	1098
67	1099
67	1100
67	1103
67	1107
67	1110
67	1112
67	1121
67	1122
67	1125
67	1127
67	1128
67	1134
67	1136
67	1151
67	1153
67	1156
67	1157
67	1171
67	1175
67	1182
67	1183
67	1184
67	1189
67	1192
67	1193
67	1194
67	1202
67	1205
67	1211
67	1212
67	1214
67	1217
67	1221
67	1225
67	1226
67	1227
67	1228
67	1230
68	1123
68	582
68	455
68	364
68	1009
68	755
68	1142
68	471
68	1178
69	689
69	233
69	175
69	1009
69	1042
69	1075
69	659
69	574
69	671
70	256
70	900
70	134
70	392
70	688
70	179
70	711
70	460
70	595
70	471
70	102
70	233
70	364
70	749
70	1009
70	755
70	247
70	632
70	126
71	993
71	233
71	170
71	175
71	1202
71	1075
71	574
71	671
72	673
72	386
72	494
72	144
72	216
72	1013
72	342
72	663
72	1144
73	299
73	292
73	1253
73	471
73	392
73	1131
73	364
73	306
73	233
74	392
74	233
74	364
74	688
74	1009
74	595
74	755
74	1142
74	471
75	993
75	233
75	1036
75	175
75	1202
75	956
75	574
75	671
76	1075
76	689
76	233
76	175
76	1009
76	595
76	659
76	574
77	993
77	233
77	175
77	115
77	694
77	956
77	574
77	671
78	233
78	175
78	178
78	163
78	1142
78	122
78	574
78	671
79	392
79	233
79	471
79	364
79	717
79	688
79	1009
79	595
79	755
80	688
80	392
80	364
80	1009
80	595
80	755
80	1142
80	471
80	248
81	512
81	134
81	392
81	1035
81	396
81	916
81	662
81	421
81	1066
81	688
81	1191
81	1204
81	181
81	950
81	1063
81	571
81	842
81	318
81	837
81	458
81	241
81	646
81	978
81	595
81	213
81	471
81	1167
81	350
81	233
81	875
81	364
81	622
81	1009
81	626
81	755
81	1142
81	507
81	126
82	993
82	233
82	1036
82	1202
82	175
82	956
82	574
82	671
83	1075
83	993
83	233
83	1036
83	592
83	1202
83	1076
83	412
83	956
84	1062
84	233
84	1259
84	1260
84	592
84	1075
84	85
84	1240
84	412
85	993
85	1062
85	233
85	1036
85	592
85	1202
85	1075
85	412
86	993
86	233
86	1036
86	592
86	1202
86	1075
86	1076
86	412
86	956
87	582
87	233
87	1009
87	114
87	1075
87	755
87	1142
87	1178
88	196
88	582
88	455
88	233
88	1009
88	755
88	1142
88	471
88	1178
89	455
89	392
89	233
89	364
89	688
89	1009
89	595
89	755
89	471
90	993
90	233
90	1036
90	175
90	1142
90	956
90	574
90	671
91	744
91	233
91	175
91	178
91	163
91	122
91	574
91	671
92	993
92	689
92	233
92	175
92	1009
92	1075
92	216
92	574
93	993
93	233
93	1036
93	175
93	1183
93	956
93	574
93	671
94	673
94	386
94	1163
94	494
94	144
94	663
94	216
94	827
95	993
95	233
95	175
95	1202
95	1075
95	671
95	956
95	574
96	392
96	233
96	364
96	688
96	1009
96	595
96	755
96	1142
96	471
97	233
97	175
97	1073
97	1202
97	1075
97	439
97	574
97	671
98	689
98	233
98	236
98	175
98	1009
98	1075
98	663
98	671
99	1221
99	102
99	233
99	106
99	846
99	175
99	595
99	179
100	192
100	993
100	1121
100	233
100	175
100	1202
100	1075
100	282
100	283
100	574
100	671
101	993
101	233
101	1036
101	175
101	442
101	956
101	574
101	671
102	179
102	233
102	106
102	595
102	252
103	392
103	233
103	231
103	364
103	688
103	401
103	595
103	755
103	471
103	216
104	993
104	233
104	1036
104	175
104	1075
104	956
104	574
104	671
105	392
105	364
105	688
105	1009
105	595
105	755
105	471
105	1178
105	233
106	192
106	1221
106	233
106	846
106	175
106	595
106	671
107	993
107	775
107	233
107	1036
107	175
107	592
107	1202
107	1075
107	412
107	956
108	392
108	364
108	688
108	1009
108	595
108	755
108	1142
108	471
108	233
109	233
109	663
109	175
109	144
109	471
109	216
109	671
110	546
110	996
110	392
110	334
110	1009
110	595
110	1075
110	342
110	471
110	1013
111	392
111	233
111	364
111	688
111	1009
111	595
111	755
111	1142
111	471
112	673
112	386
112	233
112	144
112	1163
112	494
112	663
112	216
112	218
113	392
113	233
113	364
113	688
113	595
113	1142
113	471
113	1178
113	122
114	802
114	392
114	233
114	364
114	690
114	535
114	688
114	1009
114	595
114	755
114	181
114	1142
114	471
114	341
115	128
115	263
115	392
115	405
115	535
115	1178
115	669
115	926
115	688
115	755
115	694
115	1214
115	715
115	718
115	209
115	595
115	471
115	233
115	364
115	1009
116	392
116	233
116	364
116	688
116	1009
116	595
116	755
116	471
116	216
117	673
117	386
117	1163
117	494
117	144
117	663
117	216
117	252
117	1055
118	1221
118	233
118	1259
118	1260
118	592
118	1112
118	1240
118	412
118	1253
119	1217
119	233
119	175
119	178
119	163
119	122
119	574
119	671
120	392
120	233
120	364
120	688
120	1009
120	1138
120	755
120	471
120	595
121	288
121	802
121	392
121	233
121	362
121	364
121	973
121	688
121	1009
121	595
121	471
122	1024
122	1216
122	1236
122	645
122	518
122	1023
122	265
122	651
122	909
122	762
122	658
122	406
122	917
122	671
122	752
122	163
122	165
122	166
122	241
122	1065
122	557
122	1029
122	175
122	1200
122	1148
122	178
122	1203
122	437
122	948
122	943
122	991
122	956
122	1213
122	574
122	539
122	321
122	326
122	795
122	972
122	207
122	872
122	335
122	291
122	1179
122	1129
122	1111
122	1112
122	477
122	350
122	549
122	992
122	993
122	1122
122	1126
122	615
122	744
122	233
122	235
122	1132
122	946
122	240
122	376
122	889
122	383
122	764
122	510
122	255
123	392
123	233
123	427
123	364
123	688
123	595
123	1142
123	471
123	1178
124	392
124	233
124	364
124	688
124	595
124	1013
124	342
124	538
124	1183
125	392
125	233
125	364
125	688
125	1009
125	595
125	755
125	1142
125	471
126	233
126	683
126	364
126	688
126	595
126	179
126	471
126	571
127	993
127	770
127	935
127	233
127	458
127	1036
127	175
127	1075
127	181
127	777
127	671
127	956
127	574
128	392
128	233
128	471
128	364
128	688
128	1009
128	595
128	755
129	392
129	364
129	1036
129	688
129	595
129	755
129	471
129	233
129	223
130	1184
130	993
130	164
130	233
130	1036
130	882
130	175
130	1202
130	956
130	574
130	671
131	453
131	392
131	233
131	364
131	688
131	595
131	1142
131	471
131	1178
131	252
132	392
132	233
132	471
132	364
132	688
132	1009
132	595
132	1142
132	755
133	192
133	643
133	233
133	175
133	848
133	1171
133	574
133	671
134	233
134	298
134	688
134	595
134	179
134	1142
134	970
135	993
135	1125
135	198
135	233
135	1002
135	1036
135	175
135	1171
135	335
135	671
136	993
136	233
136	175
136	1202
136	1075
136	956
136	574
136	671
137	993
137	1036
137	175
137	592
137	233
137	956
137	574
137	671
138	1152
138	396
138	653
138	271
138	785
138	153
138	540
138	671
138	175
138	1202
138	1075
138	956
138	574
138	837
138	467
138	981
138	1162
138	993
138	1123
138	997
138	1126
138	233
138	375
138	248
139	1075
139	775
139	233
139	175
139	1202
139	1171
139	956
139	574
139	671
140	386
140	1259
140	1253
140	1254
140	1260
140	1163
140	494
140	663
140	1277
141	233
141	175
141	304
141	163
141	521
141	216
141	143
141	475
142	392
142	364
142	471
142	908
142	529
142	151
142	248
142	233
143	233
143	175
143	163
143	475
143	521
143	216
143	574
144	1108
144	1025
144	514
144	1032
144	525
144	528
144	530
144	1047
144	536
144	1051
144	1053
144	1055
144	544
144	552
144	1066
144	555
144	1071
144	1074
144	1078
144	1080
144	570
144	1092
144	865
144	588
144	1101
144	1037
144	593
144	596
144	1109
144	600
144	602
144	605
144	1040
144	1124
144	613
144	621
144	1137
144	1144
144	634
144	641
144	1155
144	876
144	1163
144	1164
144	145
144	1170
144	147
144	148
144	1173
144	1174
144	663
144	152
144	1177
144	666
144	668
144	1181
144	1017
144	673
144	977
144	680
144	681
144	1195
144	1196
144	1199
144	176
144	1206
144	799
144	714
144	885
144	1220
144	202
144	205
144	718
144	720
144	216
144	218
144	731
144	737
144	229
144	231
144	232
144	1133
144	243
144	1270
144	249
144	763
144	252
144	773
144	262
144	776
144	783
144	274
144	787
144	1086
144	287
144	806
144	807
144	1169
144	1067
144	825
144	827
144	830
144	835
144	838
144	839
144	336
144	849
144	850
144	339
144	858
144	348
144	862
144	863
144	353
144	866
144	358
144	359
144	363
144	364
144	368
144	373
144	660
144	378
144	382
144	386
144	899
144	904
144	394
144	151
144	401
144	405
144	410
144	931
144	933
144	936
144	941
144	942
144	944
144	444
144	448
144	452
144	971
144	461
144	974
144	465
144	470
144	983
144	472
144	479
144	489
144	664
144	492
144	494
144	496
144	851
144	1013
144	505
144	508
144	509
145	673
145	386
145	1163
145	494
145	1109
145	663
145	216
145	151
146	392
146	233
146	364
146	688
146	1009
146	755
146	471
146	595
147	673
147	386
147	1163
147	494
147	663
147	216
147	252
148	386
148	233
148	494
148	175
148	216
148	574
149	993
149	233
149	1036
149	175
149	1202
149	1075
149	574
149	671
150	582
150	392
150	233
150	364
150	688
150	1009
150	595
150	755
150	471
151	673
151	386
151	966
151	529
151	233
151	1163
151	663
151	908
151	494
151	216
152	673
152	386
152	348
152	202
152	1163
152	494
152	1009
152	1075
152	1033
152	496
152	663
152	176
152	249
152	216
152	885
153	1123
153	837
153	582
153	233
153	1009
153	755
153	1142
153	1178
154	455
154	392
154	908
154	364
154	688
154	595
154	755
154	471
154	233
155	392
155	233
155	364
155	688
155	1009
155	595
155	755
155	1142
155	471
156	993
156	233
156	956
156	1036
156	175
156	304
156	574
156	671
157	1224
157	233
157	175
157	1009
157	1202
157	1075
157	574
157	671
158	993
158	233
158	1036
158	175
158	1202
158	574
158	956
158	671
159	993
159	233
159	1036
159	175
159	1075
159	956
159	574
159	671
160	392
160	233
160	364
160	688
160	1009
160	595
160	1142
160	471
160	1178
161	485
161	993
161	233
161	1036
161	175
161	956
161	574
161	671
162	688
162	967
162	392
162	233
162	364
162	656
162	595
162	471
162	1178
163	645
163	521
163	651
163	658
163	671
163	752
163	165
163	166
163	557
163	175
163	178
163	574
163	539
163	577
163	326
163	207
163	722
163	1102
163	463
163	599
163	1112
163	1111
163	477
163	549
163	1122
163	615
163	233
163	240
163	383
163	255
164	993
164	233
164	1036
164	175
164	956
164	574
164	671
165	233
165	175
165	178
165	956
165	574
165	671
166	233
166	175
166	752
166	178
166	510
166	1023
166	574
166	671
167	993
167	233
167	1036
167	175
167	216
167	956
167	574
167	671
168	993
168	689
168	233
168	327
168	175
168	1009
168	1075
168	574
168	671
169	392
169	364
169	397
169	688
169	1009
169	595
169	755
169	471
169	233
170	580
170	233
170	175
170	1202
170	1075
170	956
170	574
170	671
171	392
171	233
171	364
171	688
171	1009
171	1202
171	755
171	471
171	595
172	192
172	993
172	233
172	175
172	178
172	956
172	574
172	671
173	392
173	233
173	1003
173	364
173	688
173	595
173	471
173	344
173	285
174	993
174	233
174	1036
174	175
174	1075
174	956
174	574
174	671
175	177
175	178
175	182
175	183
175	184
175	188
175	189
175	190
175	191
175	192
175	193
175	194
175	195
175	196
175	197
175	198
175	199
175	203
175	204
175	207
175	208
175	211
175	212
175	214
175	217
175	219
175	220
175	221
175	222
175	225
175	226
175	227
175	233
175	236
175	239
175	240
175	242
175	244
175	245
175	249
175	250
175	253
175	255
175	258
175	259
175	260
175	271
175	272
175	276
175	285
175	293
175	298
175	323
175	325
175	326
175	327
175	331
175	337
175	343
175	345
175	346
175	347
175	351
175	352
175	354
175	355
175	357
175	370
175	375
175	379
175	380
175	383
175	387
175	391
175	398
175	400
175	402
175	404
175	409
175	411
175	414
175	415
175	418
175	419
175	423
175	425
175	428
175	435
175	438
175	439
175	440
175	442
175	446
175	447
175	451
175	454
175	456
175	459
175	463
175	466
175	467
175	473
175	475
175	477
175	487
175	493
175	495
175	497
175	499
175	500
175	501
175	503
175	506
175	510
175	513
175	515
175	517
175	519
175	520
175	521
175	531
175	533
175	537
175	539
175	543
175	550
175	553
175	557
175	558
175	559
175	560
175	561
175	562
175	563
175	564
175	567
175	574
175	577
175	585
175	587
175	590
175	591
175	597
175	599
175	606
175	610
175	611
175	618
175	619
175	620
175	623
175	629
175	631
175	633
175	635
175	637
175	639
175	645
175	646
175	649
175	651
175	653
175	654
175	656
175	658
175	667
175	669
175	671
175	672
175	675
175	676
175	685
175	689
175	691
175	694
175	695
175	696
175	698
175	699
175	701
175	710
175	712
175	719
175	722
175	724
175	726
175	727
175	729
175	730
175	732
175	735
175	739
175	740
175	741
175	747
175	759
175	767
175	777
175	778
175	791
175	793
175	797
175	801
175	803
175	804
175	810
175	817
175	822
175	829
175	836
175	840
175	841
175	846
175	856
175	868
175	871
175	881
175	882
175	897
175	901
175	902
175	907
175	910
175	911
175	918
175	921
175	932
175	934
175	935
175	939
175	945
175	947
175	949
175	956
175	959
175	967
175	968
175	969
175	976
175	979
175	985
175	988
175	990
175	993
175	995
175	1000
175	1002
175	1010
175	1023
175	1026
175	1027
175	1028
175	1036
175	1038
175	1057
175	1060
175	1061
175	1062
175	1073
175	1075
175	1077
175	1079
175	1083
175	1085
175	1087
175	1098
175	1099
175	1100
175	1102
175	1103
175	1104
175	1107
175	1112
175	1121
175	1122
175	1125
175	1127
175	1134
175	1136
175	1147
175	1153
175	1156
175	1157
175	1171
175	1175
175	1182
175	1183
175	1184
175	1192
175	1194
175	1202
175	1211
175	1212
175	1214
175	1217
175	1221
175	1227
175	1230
176	386
176	673
176	494
176	1009
176	1075
176	663
176	216
177	603
177	712
177	233
177	300
177	304
177	1116
177	1075
177	696
177	633
177	415
177	284
177	221
177	574
177	671
178	897
178	645
178	1023
178	556
178	651
178	671
178	752
178	955
178	956
178	574
178	539
178	326
178	207
178	1112
178	549
178	1122
178	615
178	233
178	240
178	255
178	510
178	383
179	256
179	514
179	1067
179	900
179	1159
179	392
179	1164
179	658
179	276
179	1173
179	666
179	925
179	681
179	1066
179	683
179	688
179	452
179	711
179	716
179	971
179	460
179	1230
179	595
179	471
179	233
179	364
179	749
179	1009
179	755
179	247
179	632
179	788
179	250
180	392
180	233
180	234
180	1131
180	364
180	688
180	595
180	1178
180	1019
181	392
181	233
181	364
181	688
181	595
181	471
182	993
182	233
182	1183
182	570
182	667
182	574
182	671
183	1075
183	233
183	1202
183	1171
183	956
183	574
183	671
184	233
184	304
184	856
184	956
184	765
184	574
184	671
185	392
185	233
185	364
185	688
185	1009
185	595
185	755
185	1142
185	471
186	392
186	233
186	364
186	688
186	1009
186	595
186	755
186	471
187	1056
187	327
187	392
187	233
187	919
187	364
187	688
187	1009
187	978
187	595
187	1142
187	471
187	1178
187	796
187	1223
188	993
188	1075
188	233
188	1202
188	956
188	574
188	671
189	993
189	520
189	233
189	1036
189	729
189	574
189	671
190	993
190	689
190	233
190	1009
190	1075
190	659
190	574
191	993
191	233
191	1036
191	304
191	671
191	956
191	574
192	797
192	1036
192	283
192	282
192	671
192	558
192	560
192	1075
192	1077
192	956
192	574
192	846
192	347
192	993
192	357
192	233
192	239
192	249
193	993
193	233
193	487
193	1036
193	1075
193	956
193	574
193	671
194	993
194	233
194	1002
194	208
194	1171
194	574
194	671
195	993
195	1075
195	233
195	1202
195	956
195	574
195	671
196	897
196	1286
196	537
196	943
196	947
196	1054
196	671
196	676
196	549
196	551
196	556
196	816
196	1202
196	1075
196	441
196	699
196	956
196	574
196	454
196	727
196	990
196	993
196	955
196	233
196	366
196	1265
196	702
196	246
196	1001
196	638
197	293
197	233
197	1202
197	741
197	597
197	671
197	574
198	993
198	1125
198	233
198	1002
198	1171
198	574
199	689
199	233
199	1009
199	1106
199	1075
199	574
199	671
200	1221
200	233
200	1259
200	1260
200	592
200	1075
200	1240
200	412
201	233
201	1009
201	210
201	1075
201	1142
201	956
201	574
201	671
202	673
202	386
202	1220
202	1163
202	494
202	663
202	216
203	993
203	233
203	671
203	1085
203	574
203	1087
204	993
204	233
204	1036
204	1075
204	956
204	574
204	671
205	673
205	386
205	233
205	1163
205	494
205	663
205	216
205	218
206	392
206	233
206	364
206	688
206	1009
206	1075
206	755
206	1142
206	471
207	233
207	521
207	574
207	671
208	993
208	1061
208	233
208	1002
208	1171
208	574
208	671
209	392
209	233
209	471
209	364
209	688
209	595
209	694
209	755
210	1009
210	1075
210	1142
210	233
210	956
210	574
210	671
211	993
211	1075
211	233
211	1036
211	956
211	574
211	671
212	993
212	1061
212	233
212	1036
212	217
212	956
212	574
212	671
213	392
213	233
213	364
213	688
213	1009
213	595
213	755
213	471
214	993
214	967
214	233
214	656
214	956
214	574
214	671
215	516
215	392
215	233
215	364
215	688
215	1009
215	595
215	755
215	1142
215	471
216	1108
216	1025
216	514
216	1032
216	525
216	528
216	530
216	1047
216	536
216	1051
216	1053
216	1055
216	544
216	552
216	555
216	1071
216	1074
216	1078
216	1080
216	570
216	1090
216	1092
216	865
216	588
216	1101
216	1037
216	593
216	596
216	1109
216	600
216	602
216	605
216	1040
216	1020
216	1124
216	613
216	617
216	1137
216	1144
216	634
216	1155
216	876
216	1163
216	1164
216	1170
216	1173
216	1174
216	1177
216	666
216	1181
216	1017
216	673
216	977
216	680
216	681
216	1195
216	1196
216	1199
216	1206
216	799
216	714
216	885
216	706
216	1220
216	718
216	720
216	218
216	731
216	737
216	229
216	231
216	232
216	1133
216	243
216	1270
216	763
216	252
216	773
216	262
216	776
216	783
216	274
216	787
216	1086
216	287
216	806
216	807
216	1169
216	825
216	827
216	830
216	835
216	838
216	839
216	843
216	336
216	849
216	850
216	339
216	852
216	345
216	858
216	348
216	862
216	863
216	353
216	866
216	358
216	359
216	363
216	364
216	368
216	373
216	660
216	378
216	382
216	386
216	899
216	904
216	394
216	663
216	401
216	405
216	410
216	926
216	930
216	931
216	933
216	936
216	941
216	942
216	944
216	444
216	448
216	452
216	966
216	971
216	460
216	461
216	974
216	465
216	470
216	983
216	472
216	479
216	486
216	489
216	664
216	492
216	494
216	496
216	851
216	1013
216	505
216	508
216	509
217	993
217	233
217	459
217	1036
217	979
217	956
217	574
217	671
218	386
218	1163
218	229
218	673
218	494
218	368
218	530
218	1091
218	468
218	1047
218	663
218	287
219	993
219	233
219	1036
219	1202
219	956
219	574
219	671
220	993
220	233
220	1036
220	1075
220	956
220	574
220	671
221	233
221	1202
221	1075
221	475
221	574
221	671
222	993
222	233
222	1036
222	1075
222	956
222	574
222	671
223	392
223	233
223	715
223	364
223	776
223	688
223	1009
223	595
223	755
223	1142
223	471
223	752
224	512
224	1115
224	228
224	273
224	233
224	364
224	974
224	1135
224	1073
224	853
224	893
225	993
225	233
225	1036
225	595
225	956
225	574
225	671
226	993
226	233
226	1003
226	344
226	285
226	574
226	671
227	993
227	233
227	1036
227	671
227	956
227	574
227	607
228	512
228	1115
228	1253
228	1073
228	1135
228	974
228	273
228	853
228	1275
229	673
229	386
229	1163
229	494
229	663
230	1142
230	582
230	1009
230	1202
230	755
230	1013
230	342
230	1178
230	1274
231	673
231	386
231	1163
231	494
231	663
232	673
232	386
232	1253
232	1163
232	494
232	663
233	234
233	235
233	236
233	237
233	238
233	239
233	240
233	241
233	242
233	244
233	245
233	246
233	247
233	248
233	249
233	250
233	251
233	253
233	254
233	255
233	258
233	259
233	260
233	261
233	264
233	265
233	266
233	267
233	268
233	270
233	271
233	272
233	276
233	280
233	282
233	283
233	284
233	285
233	286
233	291
233	293
233	295
233	296
233	298
233	300
233	301
233	302
233	304
233	313
233	315
233	317
233	321
233	323
233	324
233	325
233	326
233	327
233	328
233	329
233	330
233	331
233	332
233	333
233	334
233	335
233	336
233	337
233	338
233	340
233	341
233	342
233	343
233	345
233	346
233	347
233	349
233	350
233	351
233	352
233	354
233	355
233	357
233	360
233	361
233	364
233	365
233	366
233	367
233	369
233	370
233	371
233	372
233	375
233	376
233	377
233	379
233	380
233	381
233	383
233	384
233	387
233	388
233	391
233	392
233	395
233	396
233	397
233	398
233	399
233	400
233	402
233	403
233	404
233	406
233	407
233	409
233	411
233	412
233	413
233	414
233	415
233	416
233	417
233	418
233	419
233	420
233	421
233	422
233	423
233	424
233	425
233	426
233	427
233	428
233	430
233	431
233	432
233	435
233	436
233	437
233	438
233	439
233	440
233	441
233	442
233	443
233	446
233	447
233	449
233	450
233	451
233	454
233	455
233	456
233	458
233	459
233	460
233	462
233	463
233	466
233	467
233	468
233	469
233	471
233	473
233	474
233	475
233	476
233	477
233	480
233	482
233	483
233	485
233	487
233	488
233	490
233	491
233	493
233	495
233	497
233	498
233	499
233	500
233	501
233	502
233	503
233	504
233	506
233	510
233	511
233	513
233	515
233	516
233	517
233	518
233	519
233	520
233	521
233	522
233	524
233	526
233	527
233	529
233	531
233	532
233	533
233	534
233	535
233	537
233	538
233	539
233	540
233	541
233	543
233	545
233	547
233	548
233	549
233	550
233	551
233	553
233	554
233	556
233	557
233	558
233	559
233	560
233	561
233	562
233	563
233	564
233	565
233	567
233	568
233	569
233	571
233	572
233	573
233	574
233	575
233	576
233	577
233	578
233	579
233	580
233	581
233	583
233	584
233	585
233	586
233	587
233	589
233	590
233	591
233	592
233	594
233	595
233	597
233	598
233	599
233	601
233	603
233	604
233	606
233	607
233	608
233	609
233	610
233	611
233	612
233	615
233	616
233	618
233	619
233	620
233	621
233	623
233	624
233	625
233	626
233	627
233	628
233	629
233	630
233	631
233	632
233	633
233	635
233	636
233	637
233	638
233	639
233	640
233	643
233	645
233	646
233	647
233	648
233	649
233	650
233	651
233	652
233	653
233	654
233	655
233	656
233	658
233	659
233	667
233	669
233	670
233	671
233	672
233	674
233	675
233	676
233	677
233	678
233	679
233	682
233	684
233	685
233	687
233	688
233	689
233	690
233	691
233	692
233	693
233	694
233	695
233	696
233	697
233	698
233	699
233	700
233	701
233	702
233	703
233	704
233	705
233	706
233	707
233	708
233	709
233	710
233	711
233	712
233	713
233	715
233	717
233	719
233	722
233	723
233	724
233	725
233	726
233	727
233	728
233	729
233	730
233	732
233	733
233	735
233	736
233	739
233	740
233	741
233	742
233	743
233	744
233	745
233	747
233	748
233	749
233	750
233	752
233	753
233	754
233	755
233	756
233	757
233	759
233	760
233	762
233	764
233	765
233	766
233	767
233	769
233	770
233	774
233	777
233	778
233	780
233	781
233	782
233	785
233	789
233	790
233	791
233	793
233	794
233	795
233	796
233	797
233	800
233	801
233	802
233	803
233	804
233	805
233	808
233	809
233	810
233	812
233	813
233	816
233	817
233	818
233	820
233	821
233	822
233	824
233	826
233	829
233	831
233	832
233	833
233	834
233	836
233	837
233	840
233	841
233	844
233	845
233	846
233	847
233	848
233	856
233	859
233	860
233	861
233	867
233	868
233	869
233	871
233	872
233	873
233	875
233	877
233	878
233	879
233	881
233	882
233	886
233	888
233	889
233	890
233	891
233	892
233	894
233	896
233	897
233	900
233	901
233	902
233	903
233	905
233	907
233	908
233	909
233	910
233	911
233	915
233	917
233	918
233	919
233	920
233	921
233	922
233	923
233	924
233	928
233	930
233	932
233	934
233	935
233	937
233	939
233	940
233	943
233	945
233	946
233	947
233	948
233	949
233	950
233	953
233	954
233	955
233	956
233	958
233	959
233	960
233	961
233	963
233	965
233	967
233	968
233	969
233	970
233	972
233	973
233	976
233	978
233	979
233	981
233	985
233	986
233	987
233	988
233	989
233	990
233	991
233	992
233	993
233	994
233	995
233	997
233	998
233	1000
233	1001
233	1002
233	1003
233	1005
233	1007
233	1008
233	1009
233	1010
233	1011
233	1012
233	1014
233	1015
233	1016
233	1018
233	1019
233	1022
233	1023
233	1024
233	1026
233	1027
233	1028
233	1029
233	1031
233	1033
233	1036
233	1038
233	1041
233	1042
233	1043
233	1044
233	1045
233	1046
233	1048
233	1049
233	1050
233	1052
233	1054
233	1057
233	1059
233	1060
233	1061
233	1062
233	1063
233	1064
233	1065
233	1069
233	1070
233	1072
233	1073
233	1075
233	1076
233	1077
233	1079
233	1081
233	1082
233	1083
233	1085
233	1087
233	1088
233	1091
233	1094
233	1095
233	1096
233	1097
233	1098
233	1099
233	1100
233	1102
233	1103
233	1104
233	1106
233	1107
233	1110
233	1111
233	1112
233	1114
233	1116
233	1118
233	1120
233	1121
233	1122
233	1123
233	1125
233	1126
233	1127
233	1128
233	1129
233	1130
233	1131
233	1132
233	1134
233	1135
233	1136
233	1138
233	1141
233	1142
233	1143
233	1145
233	1146
233	1147
233	1148
233	1149
233	1150
233	1151
233	1152
233	1153
233	1156
233	1157
233	1158
233	1165
233	1166
233	1167
233	1168
233	1171
233	1172
233	1175
233	1178
233	1179
233	1182
233	1183
233	1184
233	1185
233	1187
233	1188
233	1189
233	1191
233	1192
233	1193
233	1194
233	1197
233	1198
233	1200
233	1201
233	1202
233	1203
233	1204
233	1205
233	1207
233	1211
233	1212
233	1213
233	1214
233	1215
233	1216
233	1217
233	1218
233	1219
233	1221
233	1222
233	1223
233	1224
233	1225
233	1226
233	1227
233	1228
233	1230
233	1231
233	1232
233	1235
233	1236
233	1239
233	1240
233	1242
233	1243
233	1244
233	1245
233	1247
233	1248
233	1252
233	1256
233	1265
233	1276
233	1278
233	1284
233	1285
233	1286
234	392
234	1131
234	364
234	688
234	595
234	1142
234	471
234	1019
234	1118
235	392
235	364
235	688
235	1009
235	595
235	755
235	471
236	993
236	456
236	1036
236	663
236	729
236	271
236	574
236	671
237	392
237	364
237	688
237	1009
237	595
237	1142
237	471
237	1178
238	392
238	364
238	688
238	1009
238	595
238	755
238	270
238	471
238	1178
239	1221
239	574
239	1085
239	719
240	1075
240	574
240	671
241	1127
241	392
241	364
241	595
241	471
241	350
242	993
242	1036
242	1075
242	346
242	956
242	922
242	574
242	671
243	673
243	386
243	1163
243	494
243	530
243	663
244	993
244	1036
244	1075
244	956
244	574
244	671
245	993
245	1036
245	1075
245	956
245	574
245	671
246	551
246	392
246	364
246	688
246	595
246	471
247	392
247	364
247	688
247	595
247	471
247	1178
248	908
248	688
248	392
248	364
248	529
248	595
248	755
248	471
249	546
249	1221
249	782
249	467
249	1013
249	415
250	993
250	1036
250	956
250	574
250	671
251	1163
251	1096
251	1225
251	956
251	590
251	592
251	412
252	386
252	1163
252	663
252	1049
252	668
252	544
252	673
252	933
252	1080
252	329
252	336
252	593
252	341
252	855
252	486
252	508
252	362
252	1004
252	494
252	1138
252	617
252	1109
253	993
253	1036
253	848
253	956
253	574
253	671
254	392
254	364
254	688
254	595
254	471
254	1178
255	520
255	671
255	574
256	1253
256	299
256	364
256	1006
256	306
256	1230
256	471
257	1253
257	551
257	392
257	307
257	299
257	364
257	688
257	306
257	595
257	316
258	323
258	304
258	344
258	1276
258	285
258	574
259	592
259	1253
259	304
259	1240
259	574
259	671
260	993
260	1036
260	304
260	956
260	574
260	671
261	392
261	299
261	364
261	688
261	306
261	595
261	280
261	1253
262	322
262	1253
262	299
262	312
262	306
262	1277
262	1279
263	1253
263	582
263	1259
263	877
263	1266
263	1142
263	1178
263	1279
264	1253
264	298
264	299
264	304
264	306
264	1240
264	315
264	284
265	1253
265	299
265	300
265	304
265	1240
265	315
265	284
266	1243
266	1253
266	299
266	304
266	1233
266	1240
266	315
266	284
266	1277
267	299
267	1253
267	304
267	306
267	1240
267	315
267	284
268	1253
268	299
268	304
268	1009
268	1075
268	1240
268	315
268	284
269	322
269	1253
269	294
269	299
269	304
269	273
269	306
269	312
269	316
269	1279
270	392
270	1003
270	364
270	595
270	471
270	344
270	285
271	304
271	285
271	574
271	671
272	304
272	1253
272	1075
272	1240
272	574
272	671
273	322
273	1253
273	294
273	299
273	974
273	306
273	1277
273	1279
274	1253
274	299
274	312
274	306
274	316
274	1277
274	1279
275	1284
275	1253
275	1254
275	1259
275	304
275	277
275	1240
275	1277
275	1279
276	1075
276	304
276	1202
276	574
276	671
277	1284
277	1253
277	1254
277	1259
277	304
277	1240
277	1277
277	1279
278	289
278	1253
278	294
278	299
278	304
278	306
278	312
278	316
278	1279
279	322
279	1253
279	294
279	299
279	1263
279	306
279	312
279	316
279	1279
280	392
280	364
280	688
280	1009
280	595
280	755
280	471
281	1253
281	294
281	299
281	304
281	312
281	306
281	1240
281	316
281	1279
282	293
282	299
282	306
282	1273
282	283
282	1253
283	293
283	299
283	306
283	1273
283	1253
284	1286
284	1284
284	286
284	415
284	291
284	295
284	296
284	299
284	300
284	302
284	304
284	306
284	696
284	313
284	315
284	317
284	321
284	780
284	1229
284	1231
284	1235
284	1236
284	1243
284	1239
284	1240
284	1242
284	603
284	1244
284	1248
284	1252
284	1253
284	1256
284	1265
284	633
284	1279
285	323
285	792
285	414
285	671
285	674
285	1064
285	304
285	820
285	569
285	317
285	318
285	333
285	344
285	993
285	1003
285	574
285	889
285	1276
286	1253
286	296
286	299
286	300
286	304
286	306
286	1240
286	315
287	673
287	386
287	1063
287	1163
287	494
287	663
288	320
288	322
288	1253
288	294
288	299
288	1262
288	304
288	306
288	312
288	316
288	1279
289	322
289	1253
289	294
289	299
289	304
289	306
289	312
289	316
289	1279
290	304
290	1253
290	294
290	299
290	848
290	306
290	312
290	316
290	1279
291	1253
291	299
291	304
291	306
291	1240
291	315
292	1248
292	641
292	322
292	1253
292	294
292	299
292	304
292	306
292	312
292	316
292	318
292	1279
293	993
293	636
293	298
293	1036
293	304
293	318
293	671
293	574
294	1281
294	1287
294	297
294	299
294	303
294	304
294	305
294	306
294	308
294	312
294	314
294	316
294	319
294	322
294	1240
294	1253
294	1262
294	1263
294	1264
294	1266
294	1267
294	1012
294	1269
294	1271
294	1272
294	1273
294	1274
294	1279
295	1284
295	1253
295	299
295	302
295	304
295	306
295	1240
295	315
296	1253
296	299
296	304
296	306
296	1240
296	315
297	1280
297	322
297	1253
297	299
297	306
297	312
297	316
297	1279
298	302
298	304
298	1075
298	318
298	1142
298	574
298	671
299	1280
299	1281
299	523
299	1283
299	1285
299	1286
299	573
299	583
299	612
299	1162
299	662
299	677
299	1229
299	1231
299	1233
299	1234
299	1235
299	1237
299	1238
299	1239
299	1240
299	1241
299	1242
299	1244
299	1246
299	1248
299	1249
299	1250
299	1252
299	1253
299	1254
299	1255
299	1256
299	1257
299	1258
299	1259
299	1262
299	1263
299	1264
299	1265
299	1266
299	1267
299	1268
299	1269
299	809
299	1272
299	1273
299	1274
299	1275
299	1277
299	1278
299	1279
299	1282
299	1284
299	1287
299	811
299	300
299	302
299	303
299	304
299	305
299	306
299	308
299	310
299	311
299	312
299	313
299	314
299	315
299	316
299	317
299	318
299	319
299	320
299	321
299	322
299	324
299	338
299	356
299	389
299	408
299	433
299	434
299	1271
299	488
299	1006
299	1012
300	1253
300	712
300	304
300	1240
300	313
300	315
301	392
301	1131
301	364
301	688
301	595
301	1142
301	471
301	1118
302	1253
302	304
302	306
302	1240
303	1280
303	322
303	1253
303	306
303	312
303	316
303	1279
304	531
304	1284
304	1061
304	556
304	563
304	696
304	633
304	699
304	710
304	1230
304	1231
304	1235
304	1236
304	1238
304	1239
304	1240
304	1242
304	1243
304	1244
304	1248
304	1251
304	1252
304	1253
304	1255
304	1256
304	1261
304	1263
304	1265
304	1273
304	1275
304	1279
304	1285
304	1286
304	1287
304	305
304	306
304	312
304	313
304	315
304	316
304	317
304	320
304	321
304	322
304	323
304	840
304	345
304	346
304	375
304	387
304	923
304	415
304	954
304	487
304	501
305	322
305	1253
305	306
305	312
305	316
305	1279
306	1280
306	1281
306	523
306	1039
306	1283
306	1285
306	1286
306	573
306	583
306	612
306	1162
306	677
306	1229
306	1233
306	1234
306	1235
306	1237
306	1238
306	1239
306	1240
306	1241
306	1243
306	1244
306	1246
306	1247
306	1249
306	1250
306	1251
306	1252
306	1253
306	1254
306	1255
306	1256
306	1257
306	1258
306	1259
306	1262
306	1263
306	1264
306	1266
306	1267
306	1268
306	1269
306	1271
306	1272
306	1273
306	1274
306	1275
306	1277
306	1278
306	1279
306	1282
306	1287
306	811
306	308
306	310
306	311
306	312
306	313
306	314
306	315
306	316
306	317
306	318
306	319
306	320
306	321
306	322
306	324
306	338
306	389
306	408
306	426
306	429
306	433
306	434
306	478
306	488
306	507
307	1280
307	1282
307	1253
307	582
307	1259
307	1142
307	1178
307	1279
308	322
308	1253
308	1142
308	312
308	316
308	1279
309	1253
309	582
309	1259
309	1202
309	1142
309	566
309	1178
309	1183
309	1117
309	1279
310	1259
310	1253
310	1260
310	1240
310	1273
310	1277
310	1279
311	322
311	1253
311	1240
311	312
311	1273
311	316
311	1279
312	898
312	387
312	389
312	1287
312	523
312	314
312	316
312	319
312	320
312	322
312	1229
312	1237
312	1240
312	1246
312	1253
312	1282
312	1263
312	1266
312	1273
312	1274
312	1279
313	1253
313	1240
313	315
314	322
314	1259
314	1253
314	316
314	1279
315	1284
315	1286
315	317
315	321
315	1231
315	1235
315	1236
315	1239
315	1240
315	1242
315	1243
315	1244
315	1248
315	1252
315	1253
315	1256
315	1265
315	1279
316	1287
316	1074
316	319
316	320
316	322
316	327
316	1237
316	1240
316	1114
316	737
316	1251
316	1253
316	1263
316	1266
316	1273
316	1274
316	1279
317	1253
317	1238
317	1240
318	1131
318	1253
319	322
319	1253
319	1240
319	1279
320	322
320	1253
320	1279
321	1253
321	1240
322	1287
322	1237
322	1240
322	1253
322	1263
322	1266
322	1273
322	1274
322	1279
323	344
323	1276
323	574
324	1253
324	392
324	970
324	364
324	688
324	595
325	993
325	1036
325	1075
325	956
325	574
325	671
326	645
326	526
326	752
326	510
326	477
326	574
326	671
327	671
328	970
328	1227
328	974
328	688
328	392
328	595
328	755
328	471
329	392
329	471
329	364
329	688
329	595
330	392
330	471
330	364
330	688
330	1009
330	595
330	1142
330	755
331	993
331	387
331	1036
331	956
331	574
331	671
332	392
332	425
332	1036
332	688
332	595
332	1142
332	471
332	364
333	392
333	1003
333	364
333	688
333	595
333	471
333	344
334	546
334	996
334	455
334	392
334	364
334	595
334	342
334	471
334	1013
335	1002
335	1260
335	1112
335	1075
335	1240
335	412
336	386
336	673
336	1163
336	494
336	663
337	993
337	1062
337	1036
337	956
337	574
337	671
338	1253
338	392
338	364
338	688
338	595
338	471
339	673
339	962
339	899
339	386
339	494
339	848
339	663
340	392
340	364
340	688
340	1009
340	595
340	755
340	1142
340	471
341	392
341	364
341	688
341	595
342	928
342	1072
342	546
342	996
342	364
342	688
342	392
342	595
342	430
342	471
342	601
342	1050
342	861
342	1013
343	993
343	1107
343	712
343	1202
343	1075
343	921
343	956
343	637
343	574
343	671
344	392
344	1004
344	395
344	527
344	916
344	792
344	665
344	414
344	674
344	547
344	1199
344	688
344	883
344	820
344	825
344	569
344	588
344	589
344	595
344	980
344	471
344	608
344	356
344	1003
344	364
344	755
345	355
345	967
345	656
345	574
345	671
346	993
346	956
346	574
346	671
347	967
347	656
347	956
347	574
347	671
348	673
348	386
348	494
348	1009
348	1075
348	663
349	392
349	364
349	974
349	688
349	595
349	1142
349	471
349	1178
350	1127
350	392
350	364
350	595
350	471
350	1119
351	993
351	1036
351	1202
351	1075
351	671
351	574
352	1202
352	1042
352	1075
352	671
352	574
352	1087
353	386
353	471
353	673
353	1163
353	494
353	663
353	410
354	993
354	1036
354	1026
354	1240
354	956
354	574
354	671
355	993
355	1222
355	902
355	769
355	1036
355	526
355	1202
355	956
355	574
355	671
356	1253
356	392
356	1003
356	364
356	589
356	595
356	471
357	558
357	1183
357	956
357	574
357	671
358	673
358	386
358	1163
358	364
358	494
358	472
358	1142
358	663
359	673
359	386
359	471
359	1163
359	494
359	663
359	410
360	897
360	1253
360	551
360	364
360	1260
360	688
360	392
360	471
361	673
361	386
361	663
361	494
361	574
361	671
362	802
362	392
362	364
362	973
362	688
362	595
362	436
362	471
363	673
363	386
363	1163
363	392
363	494
363	663
363	505
364	367
364	371
364	373
364	377
364	381
364	382
364	386
364	389
364	392
364	393
364	395
364	396
364	397
364	403
364	407
364	408
364	413
364	420
364	422
364	426
364	427
364	429
364	430
364	431
364	433
364	434
364	436
364	437
364	441
364	443
364	444
364	445
364	448
364	450
364	455
364	457
364	458
364	460
364	464
364	465
364	468
364	469
364	471
364	473
364	474
364	476
364	478
364	482
364	485
364	488
364	492
364	498
364	502
364	504
364	507
364	511
364	512
364	516
364	518
364	522
364	523
364	524
364	529
364	532
364	534
364	535
364	538
364	541
364	542
364	545
364	548
364	551
364	554
364	565
364	569
364	571
364	572
364	573
364	575
364	576
364	578
364	579
364	581
364	582
364	583
364	584
364	586
364	589
364	594
364	595
364	598
364	603
364	604
364	607
364	612
364	616
364	624
364	626
364	627
364	628
364	630
364	638
364	640
364	642
364	643
364	644
364	647
364	648
364	650
364	652
364	657
364	662
364	665
364	670
364	674
364	677
364	679
364	684
364	687
364	688
364	690
364	692
364	697
364	700
364	703
364	704
364	705
364	707
364	709
364	711
364	713
364	715
364	717
364	721
364	723
364	728
364	734
364	736
364	738
364	746
364	750
364	755
364	758
364	768
364	771
364	772
364	779
364	781
364	790
364	798
364	802
364	814
364	815
364	816
364	818
364	819
364	821
364	823
364	828
364	837
364	844
364	848
364	854
364	857
364	859
364	864
364	870
364	874
364	877
364	884
364	886
364	887
364	888
364	890
364	894
364	895
364	903
364	905
364	908
364	912
364	914
364	915
364	920
364	922
364	924
364	925
364	927
364	929
364	937
364	938
364	950
364	951
364	952
364	953
364	957
364	958
364	960
364	961
364	962
364	964
364	970
364	973
364	975
364	984
364	989
364	998
364	1001
364	1003
364	1009
364	1011
364	1014
364	1019
364	1030
364	1031
364	1043
364	1048
364	1049
364	1052
364	1056
364	1059
364	1063
364	1068
364	1084
364	1089
364	1091
364	1093
364	1094
364	1106
364	1113
364	1117
364	1118
364	1119
364	1123
364	1130
364	1131
364	1132
364	1135
364	1138
364	1139
364	1140
364	1142
364	1145
364	1154
364	1159
364	1160
364	1161
364	1163
364	1165
364	1172
364	1176
364	1178
364	1191
364	1197
364	1198
364	1201
364	1209
364	1210
364	1215
364	1218
364	1223
365	386
365	494
365	694
365	663
365	574
365	671
366	897
366	386
366	673
366	494
366	663
367	455
367	392
367	471
367	526
367	688
367	1009
367	595
367	755
368	386
368	1091
368	673
368	494
368	595
368	663
369	1157
369	710
369	1260
369	592
369	1075
369	1076
369	1240
369	413
370	993
370	1202
370	1075
370	956
370	574
370	671
371	392
371	688
371	1009
371	595
371	1142
371	471
371	1178
372	1253
372	392
372	1260
372	688
372	1009
372	1075
372	471
372	828
373	673
373	386
373	471
373	1163
373	494
373	663
374	1253
374	582
374	1259
374	1260
374	974
374	755
374	1178
374	1142
374	1279
375	993
375	1036
375	574
375	671
376	1122
376	956
376	592
376	1112
376	1202
376	1075
376	412
377	1220
377	392
377	688
377	1073
377	595
377	471
377	1178
378	1259
378	1253
378	1254
378	1163
378	1260
378	508
378	1277
379	896
379	993
379	1036
379	1075
379	956
379	574
379	671
380	993
380	1009
380	561
380	1075
380	689
380	574
381	392
381	471
381	688
381	1009
381	595
381	755
381	1178
382	673
382	386
382	471
382	1163
382	494
382	663
383	1075
383	671
383	574
384	993
384	1036
384	592
384	1202
384	1075
384	412
384	956
384	574
385	900
385	1254
385	582
385	913
385	1259
385	1260
385	592
385	625
385	923
385	412
386	1025
386	514
386	1032
386	525
386	528
386	530
386	1047
386	536
386	1051
386	1053
386	1055
386	544
386	944
386	552
386	555
386	1071
386	1078
386	568
386	570
386	1090
386	1092
386	865
386	588
386	1101
386	1037
386	593
386	595
386	596
386	1109
386	600
386	602
386	605
386	1040
386	1020
386	1124
386	613
386	617
386	621
386	1137
386	1144
386	634
386	1155
386	876
386	1163
386	1133
386	1170
386	1173
386	1174
386	1177
386	666
386	1180
386	1181
386	1017
386	673
386	977
386	680
386	681
386	1195
386	1196
386	1199
386	693
386	1206
386	1080
386	799
386	714
386	885
386	706
386	1220
386	1225
386	718
386	720
386	731
386	1270
386	763
386	773
386	776
386	783
386	787
386	1086
386	806
386	807
386	1169
386	1067
386	825
386	827
386	830
386	835
386	838
386	839
386	1164
386	843
386	849
386	850
386	852
386	858
386	862
386	863
386	866
386	883
386	660
386	897
386	899
386	904
386	394
386	663
386	401
386	405
386	410
386	926
386	930
386	931
386	933
386	936
386	941
386	942
386	432
386	1096
386	444
386	448
386	452
386	966
386	971
386	461
386	974
386	465
386	470
386	983
386	472
386	479
386	480
386	483
386	486
386	489
386	664
386	492
386	494
386	496
386	851
386	1013
386	505
386	508
386	509
387	993
387	574
387	671
388	993
388	1031
388	1036
388	592
388	1202
388	1075
388	412
388	956
389	392
389	688
389	595
389	471
389	1253
390	1253
390	1259
390	1260
390	661
390	1142
390	1178
390	582
390	1279
391	993
391	1202
391	1075
391	574
391	671
392	393
392	395
392	396
392	397
392	403
392	407
392	408
392	413
392	420
392	422
392	426
392	427
392	429
392	430
392	431
392	433
392	434
392	436
392	437
392	441
392	443
392	444
392	445
392	448
392	450
392	453
392	455
392	457
392	458
392	460
392	469
392	471
392	473
392	474
392	476
392	478
392	479
392	482
392	485
392	488
392	490
392	498
392	502
392	504
392	507
392	511
392	512
392	516
392	518
392	522
392	523
392	524
392	527
392	529
392	532
392	534
392	535
392	538
392	541
392	542
392	545
392	547
392	548
392	551
392	554
392	565
392	569
392	571
392	572
392	573
392	575
392	576
392	578
392	579
392	581
392	582
392	583
392	584
392	586
392	589
392	594
392	595
392	598
392	601
392	603
392	604
392	607
392	612
392	616
392	622
392	624
392	626
392	628
392	630
392	638
392	640
392	642
392	643
392	644
392	647
392	648
392	650
392	652
392	657
392	661
392	662
392	665
392	670
392	673
392	677
392	679
392	684
392	687
392	688
392	690
392	692
392	697
392	700
392	703
392	704
392	705
392	707
392	709
392	711
392	713
392	715
392	717
392	734
392	738
392	750
392	755
392	758
392	761
392	768
392	771
392	772
392	781
392	790
392	798
392	802
392	814
392	815
392	816
392	818
392	821
392	828
392	844
392	848
392	854
392	857
392	859
392	864
392	870
392	874
392	877
392	886
392	887
392	888
392	894
392	895
392	903
392	905
392	908
392	912
392	914
392	915
392	920
392	922
392	924
392	925
392	927
392	929
392	937
392	938
392	940
392	950
392	951
392	952
392	953
392	957
392	958
392	960
392	961
392	962
392	964
392	970
392	974
392	975
392	980
392	984
392	989
392	1001
392	1003
392	1009
392	1014
392	1019
392	1030
392	1031
392	1043
392	1048
392	1049
392	1052
392	1056
392	1059
392	1063
392	1068
392	1084
392	1089
392	1093
392	1094
392	1106
392	1109
392	1113
392	1117
392	1118
392	1119
392	1123
392	1131
392	1132
392	1135
392	1138
392	1139
392	1140
392	1142
392	1145
392	1154
392	1159
392	1160
392	1161
392	1165
392	1172
392	1176
392	1177
392	1178
392	1188
392	1191
392	1197
392	1198
392	1201
392	1208
392	1209
392	1210
392	1215
392	1218
392	1223
393	582
393	688
393	1009
393	755
393	1142
393	471
393	1178
394	673
394	1163
394	494
394	530
394	663
394	505
395	644
395	471
395	688
395	1009
395	595
395	1142
395	755
396	471
396	688
396	595
396	755
397	471
397	688
397	1009
397	595
397	755
397	1142
398	993
398	1000
398	1036
398	1013
398	574
398	671
399	993
399	956
399	592
399	1009
399	1202
399	1075
399	760
399	412
400	993
400	1036
400	1202
400	956
400	574
400	671
401	673
401	536
401	489
401	1163
401	1090
401	494
401	530
401	663
402	993
402	1202
402	1075
402	956
402	574
402	671
403	471
403	688
403	1009
403	595
403	755
403	1178
404	993
404	1202
404	1075
404	956
404	574
404	671
405	673
405	1163
405	663
405	494
405	1047
406	752
406	956
406	592
406	1202
406	1075
406	1112
406	412
407	425
407	688
407	595
407	1142
407	471
407	1178
408	1253
408	688
408	531
408	471
408	595
409	993
409	1036
409	1202
409	1075
409	574
409	671
410	505
410	552
410	1163
410	494
410	530
410	750
410	528
410	663
410	673
411	993
411	1036
411	956
411	574
411	671
412	774
412	1104
412	1036
412	913
412	794
412	923
412	922
412	800
412	417
412	987
412	676
412	753
412	424
412	540
412	686
412	1202
412	1075
412	1076
412	566
412	1081
412	574
412	449
412	834
412	580
412	965
412	481
412	462
412	592
412	760
412	655
412	1120
412	993
412	994
412	611
412	490
412	748
412	878
412	625
412	609
412	1018
413	1009
413	688
413	595
413	755
413	1142
413	471
414	993
414	574
414	956
414	671
415	1274
415	603
415	574
416	805
416	689
416	1009
416	1075
416	574
416	671
417	993
417	455
417	1036
417	592
417	1202
417	1075
417	449
418	993
418	1036
418	595
418	956
418	574
418	671
419	993
419	1202
419	1075
419	1112
419	574
419	671
420	471
420	688
420	1009
420	595
420	755
420	1178
421	582
421	974
421	1009
421	595
421	755
421	1142
421	1178
422	688
422	1009
422	595
422	755
422	1142
422	471
423	993
423	1036
423	526
423	956
423	574
423	671
424	609
424	1253
424	1062
424	1259
424	1260
424	1202
424	1240
425	993
425	994
425	1202
425	1075
425	956
425	574
425	671
426	1253
426	688
426	595
426	1109
426	471
427	622
427	688
427	1009
427	595
427	755
427	1142
427	471
428	993
428	1036
428	956
428	574
428	671
429	1253
429	1002
429	811
429	520
429	595
429	471
430	688
430	1009
430	595
430	1013
430	471
431	1220
431	688
431	595
431	1142
431	471
431	1178
432	673
432	494
432	663
432	574
432	671
433	1253
433	688
433	595
433	471
433	703
434	1253
434	688
434	1013
434	471
434	1274
435	993
435	553
435	1036
435	956
435	574
435	671
436	755
436	688
436	1009
436	595
436	471
436	895
437	688
437	595
437	886
437	471
438	993
438	1036
438	599
438	956
438	574
438	671
439	480
439	993
439	503
439	1099
439	1202
439	1075
439	631
439	956
439	574
439	671
440	567
440	1202
440	1075
440	956
440	574
440	671
441	551
441	471
441	688
441	595
441	755
442	993
442	1036
442	1075
442	969
442	956
442	613
442	574
442	671
443	688
443	1009
443	595
443	755
443	1142
443	471
444	673
444	1163
444	494
444	627
444	663
445	931
445	906
445	688
445	1009
445	595
445	471
445	761
445	538
446	689
446	1009
446	1075
446	574
446	671
447	993
447	1036
447	848
447	671
447	956
447	574
448	673
448	1163
448	494
448	663
449	993
449	455
449	1036
449	592
449	1202
449	1075
450	688
450	1009
450	595
450	755
450	471
450	1178
451	689
451	1009
451	1075
451	956
451	574
451	671
452	673
452	1163
452	494
452	1013
452	663
453	688
453	935
453	750
453	848
453	787
453	564
453	1268
454	993
454	1036
454	956
454	574
454	671
455	768
455	906
455	526
455	1178
455	688
455	823
455	700
455	707
455	886
455	595
455	471
455	755
455	1142
455	890
455	638
456	993
456	1036
456	595
456	574
456	671
457	1123
457	582
457	1002
457	1009
457	755
457	1142
457	1178
458	688
458	595
458	755
458	471
459	654
459	1171
459	956
459	574
459	671
460	688
460	595
460	471
461	673
461	933
461	1163
461	494
461	1105
461	663
461	509
462	1156
462	1285
462	592
462	1202
462	1075
462	1108
462	1109
462	601
462	540
462	965
463	993
463	1036
463	521
463	574
463	671
464	688
464	582
464	1009
464	595
464	755
464	1142
464	471
464	1178
465	673
465	485
465	1163
465	494
465	663
466	993
466	1036
466	1075
466	956
466	574
466	671
467	1075
467	1202
467	574
467	671
468	582
468	1131
468	1009
468	755
468	1142
468	1178
469	471
469	688
469	1009
469	595
469	1142
469	755
470	673
470	1253
470	1163
470	494
470	663
470	1277
471	512
471	768
471	683
471	516
471	518
471	1031
471	522
471	523
471	527
471	529
471	818
471	662
471	534
471	535
471	1049
471	538
471	1052
471	541
471	542
471	545
471	547
471	548
471	555
471	905
471	1178
471	569
471	572
471	1093
471	575
471	579
471	581
471	583
471	584
471	589
471	594
471	595
471	598
471	697
471	603
471	604
471	1210
471	1118
471	607
471	1123
471	612
471	616
471	746
471	1131
471	624
471	1142
471	1154
471	601
471	551
471	648
471	650
471	874
471	657
471	1172
471	622
471	1130
471	665
471	670
471	671
471	925
471	677
471	679
471	684
471	1198
471	687
471	688
471	1201
471	628
471	692
471	1188
471	700
471	703
471	704
471	705
471	1063
471	707
471	532
471	630
471	711
471	713
471	887
471	716
471	717
471	1048
471	1059
471	690
471	1106
471	1030
471	734
471	962
471	738
471	894
471	721
471	1218
471	755
471	638
471	761
471	895
471	980
471	554
471	640
471	771
471	772
471	854
471	1068
471	781
471	785
471	643
471	790
471	644
471	1209
471	1215
471	802
471	586
471	647
471	814
471	815
471	816
471	1160
471	709
471	819
471	821
471	823
471	828
471	1135
471	565
471	832
471	626
471	1204
471	1165
471	848
471	1223
471	915
471	864
471	571
471	870
471	1043
471	957
471	880
471	886
471	524
471	888
471	890
471	661
471	908
471	576
471	900
471	1089
471	906
471	912
471	920
471	914
471	750
471	1138
471	924
471	927
471	1139
471	1094
471	950
471	952
471	958
471	960
471	961
471	964
471	1014
471	844
471	674
471	975
471	953
471	578
471	982
471	984
471	473
471	474
471	476
471	478
471	627
471	482
471	1019
471	1140
471	485
471	998
471	1056
471	488
471	1001
471	1003
471	1005
471	494
471	1009
471	498
471	502
471	505
471	1176
471	507
471	1159
471	511
472	673
472	1163
472	494
472	663
472	505
473	688
473	595
473	1142
473	1178
474	688
474	1009
474	595
474	1075
474	755
475	611
475	993
475	676
475	1125
475	956
475	1036
475	1075
475	574
475	671
476	688
476	1009
476	595
476	1142
476	755
477	574
477	671
477	510
477	1023
478	1253
478	688
478	595
478	821
478	507
479	673
479	1163
479	494
479	663
479	505
480	673
480	663
480	494
480	574
480	671
481	642
481	900
481	582
481	775
481	1259
481	1260
481	592
481	913
481	1011
481	566
481	1117
482	688
482	1009
482	1106
482	595
482	755
483	673
483	494
483	663
483	574
483	671
484	1253
484	582
484	1259
484	1260
484	1009
484	755
484	1142
484	1178
484	1279
485	497
485	818
485	688
485	1009
485	595
485	755
485	1142
485	982
485	697
485	1210
485	1083
485	1053
486	673
486	617
486	494
486	663
487	1253
487	1240
487	574
487	671
488	1253
488	688
488	595
489	673
489	494
489	536
489	530
489	663
490	993
490	956
490	1036
490	592
490	1202
490	1075
491	582
491	688
491	1009
491	595
491	1075
491	1142
491	755
491	1178
492	673
492	1163
492	494
492	663
492	505
493	993
493	1036
493	730
493	956
493	574
493	671
494	1025
494	514
494	516
494	1032
494	525
494	528
494	530
494	1047
494	536
494	1051
494	1053
494	1055
494	544
494	944
494	552
494	555
494	1071
494	1078
494	568
494	570
494	1090
494	1092
494	865
494	588
494	1101
494	1037
494	593
494	595
494	596
494	1109
494	600
494	602
494	605
494	1040
494	1020
494	1124
494	613
494	617
494	1130
494	621
494	1137
494	1140
494	1144
494	634
494	636
494	1155
494	1160
494	1163
494	1133
494	1170
494	1173
494	1174
494	1177
494	666
494	1180
494	1181
494	1017
494	673
494	977
494	680
494	681
494	1195
494	1196
494	693
494	1206
494	1080
494	714
494	885
494	706
494	1220
494	1225
494	718
494	720
494	731
494	1270
494	763
494	773
494	776
494	983
494	783
494	787
494	1086
494	806
494	807
494	1169
494	1067
494	825
494	827
494	830
494	835
494	838
494	839
494	1164
494	843
494	849
494	850
494	852
494	858
494	862
494	863
494	866
494	876
494	883
494	660
494	896
494	897
494	899
494	904
494	663
494	926
494	930
494	931
494	933
494	936
494	941
494	942
494	1096
494	966
494	971
494	974
494	664
494	496
494	851
494	1013
494	505
494	508
494	509
495	1122
495	1202
495	1075
495	956
495	574
495	671
496	673
496	1009
496	1142
496	663
497	993
497	1036
497	1046
497	574
497	671
498	688
498	1009
498	755
498	1178
498	595
499	1075
499	993
499	1036
499	956
499	574
499	671
500	993
500	522
500	1036
500	777
500	574
500	671
501	993
501	515
501	956
501	574
501	671
502	974
502	688
502	1009
502	595
502	755
503	1190
503	1202
503	1075
503	956
503	574
503	671
504	582
504	1009
504	755
504	1142
504	1178
504	1021
505	673
505	1163
505	1124
505	514
505	595
505	596
505	974
505	663
505	555
506	993
506	1036
506	757
506	956
506	574
506	671
507	768
507	1253
507	688
507	595
507	662
507	957
508	1163
509	673
509	933
509	1163
509	1105
509	663
510	1023
510	1183
511	688
511	1009
511	595
511	1142
511	755
512	1009
512	974
512	688
512	755
512	595
513	993
513	1036
513	1075
513	956
513	574
513	671
514	673
514	1163
514	663
515	1075
515	592
515	1202
515	574
515	671
516	1036
516	688
516	595
517	689
517	1035
517	1009
517	1075
517	956
517	574
517	671
518	688
518	595
518	755
519	993
519	1036
519	1202
519	1075
519	574
519	671
520	1036
520	671
520	1159
520	818
520	1075
520	948
520	956
520	574
520	847
520	598
520	730
520	993
520	623
521	599
521	1135
521	1202
521	1075
521	574
521	671
522	582
522	688
522	1009
522	595
522	755
523	1253
523	688
523	595
524	688
524	1009
524	595
524	1075
524	671
525	673
525	1253
525	1163
525	663
525	1277
526	591
526	574
526	671
527	547
527	1003
527	1009
527	595
527	1075
528	673
528	1163
528	596
528	663
529	908
529	688
529	595
530	673
530	1124
530	536
530	1090
530	596
530	663
531	1075
531	780
531	1202
531	571
531	574
531	671
532	1121
532	755
532	688
532	1009
532	595
532	1142
533	993
533	1036
533	1075
533	956
533	574
533	671
534	688
534	1009
534	595
534	755
535	688
535	1178
535	595
536	673
536	1163
536	1090
536	663
537	993
537	1036
537	956
537	574
537	671
538	570
538	688
538	1009
538	595
538	1142
538	755
538	761
539	752
539	574
539	671
540	582
540	913
540	1259
540	1260
540	592
540	625
541	688
541	1009
541	595
541	755
541	1142
542	688
542	1009
542	595
542	755
542	1142
542	1178
543	689
543	1009
543	1075
543	1240
543	574
543	671
544	673
544	663
545	1000
545	688
545	1009
545	595
545	755
546	996
546	584
546	1013
546	1144
546	1274
547	1003
547	1009
547	595
547	1075
548	688
548	595
548	755
548	596
549	1202
549	629
549	574
549	671
550	993
550	1036
550	1202
550	956
550	574
550	671
551	1009
551	598
551	690
551	857
551	688
551	595
551	755
551	638
552	673
552	714
552	1163
552	663
552	688
553	993
553	1036
553	956
553	574
553	671
554	688
554	595
554	755
554	1142
554	1178
555	673
555	1163
555	663
556	897
556	574
556	955
556	702
556	671
557	1122
557	1221
557	671
557	574
557	1087
558	671
558	956
558	574
558	1183
559	993
559	1202
559	1075
559	956
559	574
559	671
560	1202
560	1075
560	956
560	574
560	671
561	993
561	956
561	1009
561	1075
561	689
561	1149
561	574
561	671
562	993
562	1036
562	985
562	956
562	574
562	671
563	1253
563	1240
563	671
563	574
563	1285
564	993
564	1202
564	1075
564	956
564	574
564	671
565	688
565	1009
565	595
565	596
565	755
566	900
566	582
566	1259
566	1260
566	1011
566	1117
567	1202
567	1075
567	574
567	671
568	673
568	663
568	574
568	671
569	1003
569	688
569	595
570	673
570	1163
570	663
571	688
571	1035
571	683
571	595
571	1178
572	688
572	1009
572	595
572	755
572	1178
573	1253
573	1260
573	1009
573	1075
574	577
574	585
574	587
574	590
574	591
574	592
574	597
574	599
574	606
574	610
574	611
574	618
574	619
574	620
574	621
574	623
574	629
574	631
574	633
574	635
574	637
574	639
574	645
574	649
574	651
574	653
574	654
574	656
574	658
574	659
574	667
574	669
574	671
574	672
574	675
574	676
574	678
574	685
574	689
574	691
574	693
574	694
574	695
574	696
574	698
574	699
574	701
574	702
574	708
574	710
574	712
574	719
574	727
574	729
574	730
574	732
574	733
574	739
574	740
574	741
574	742
574	745
574	747
574	748
574	756
574	759
574	769
574	770
574	774
574	789
574	803
574	804
574	805
574	808
574	810
574	812
574	817
574	826
574	829
574	831
574	836
574	840
574	856
574	868
574	869
574	871
574	873
574	882
574	901
574	902
574	907
574	910
574	911
574	918
574	930
574	934
574	935
574	955
574	956
574	959
574	968
574	985
574	986
574	988
574	993
574	995
574	1000
574	1002
574	1007
574	1022
574	1027
574	1028
574	1036
574	1041
574	1045
574	1046
574	1054
574	1057
574	1060
574	1062
574	1073
574	1075
574	1079
574	1085
574	1087
574	1100
574	1103
574	1112
574	1121
574	1122
574	1127
574	1136
574	1151
574	1153
574	1156
574	1166
574	1168
574	1171
574	1182
574	1183
574	1189
574	1193
574	1194
574	1202
574	1211
574	1212
574	1219
574	1221
574	1222
574	1226
574	1227
574	1228
574	1230
575	688
575	1009
575	595
575	755
575	1142
576	688
576	1009
576	595
576	755
576	1178
577	993
577	970
577	685
577	879
577	956
577	671
578	688
578	1009
578	595
578	755
578	1142
578	798
579	688
579	594
579	1011
579	1142
579	595
580	993
580	956
580	1036
580	592
580	1202
580	1075
581	1034
581	688
581	1009
581	595
581	1075
581	755
582	642
582	900
582	652
582	1011
582	912
582	657
582	788
582	661
582	1178
582	923
582	927
582	1058
582	1201
582	668
582	682
582	903
582	686
582	688
582	1208
582	953
582	965
582	1034
582	1142
582	842
582	1021
582	716
582	646
582	632
582	595
582	1260
582	860
582	1117
582	608
582	614
582	913
582	1130
582	751
582	1009
582	755
582	938
582	1206
583	1253
583	688
583	595
584	688
584	1009
584	595
584	755
584	1142
585	993
585	1036
585	1075
585	956
585	671
586	1075
586	750
586	1009
586	595
586	1178
587	993
587	1036
587	1075
587	956
587	671
588	673
588	1003
588	974
588	663
589	1003
589	688
589	595
590	993
590	1096
590	1036
590	1225
590	956
590	671
591	993
591	1036
591	1202
591	956
591	671
592	774
592	1104
592	1036
592	753
592	792
592	794
592	923
592	671
592	800
592	987
592	625
592	686
592	1202
592	1075
592	1076
592	1081
592	956
592	712
592	834
592	965
592	993
592	760
592	655
592	733
592	1120
592	994
592	748
592	878
592	609
592	1018
592	801
593	673
593	663
594	688
594	1011
594	1142
594	595
595	1031
595	818
595	662
595	819
595	1052
595	1058
595	1098
595	1197
595	1034
595	846
595	598
595	697
595	604
595	1117
595	1118
595	607
595	612
595	616
595	1131
595	624
595	1142
595	1146
595	648
595	1161
595	650
595	874
595	1167
595	657
595	660
595	622
595	793
595	1176
595	665
595	670
595	601
595	880
595	677
595	679
595	684
595	1198
595	687
595	688
595	628
595	1208
595	700
595	970
595	703
595	704
595	705
595	603
595	707
595	630
595	711
595	713
595	842
595	717
595	690
595	1003
595	1123
595	734
595	721
595	755
595	1268
595	638
595	761
595	771
595	772
595	1068
595	779
595	781
595	1178
595	1215
595	643
595	1049
595	1209
595	644
595	640
595	798
595	802
595	647
595	814
595	815
595	1160
595	709
595	692
595	821
595	905
595	1135
595	1249
595	1165
595	848
595	857
595	860
595	864
595	912
595	870
595	1084
595	875
595	877
595	957
595	884
595	626
595	886
595	887
595	888
595	915
595	908
595	854
595	1089
595	746
595	898
595	914
595	750
595	1138
595	1093
595	1139
595	940
595	951
595	960
595	1140
595	963
595	964
595	1014
595	674
595	1094
595	1043
595	982
595	984
595	989
595	627
595	1091
595	1019
595	998
595	1056
595	1005
595	1009
595	1011
595	1210
595	938
596	673
596	1177
596	613
596	1163
596	663
596	602
597	993
597	1202
597	1075
597	956
597	671
598	688
598	755
599	993
599	740
599	633
599	956
599	671
600	673
600	1163
600	1144
600	1013
600	663
601	1108
601	1109
601	1013
602	673
602	680
602	1163
602	663
602	688
603	1253
603	688
604	688
604	1009
604	755
604	1142
605	673
605	1163
605	1047
605	942
605	663
606	993
606	1036
606	1202
606	956
606	671
607	688
607	1009
607	755
608	1003
608	1004
608	1009
608	755
608	1142
608	1178
609	1062
609	993
609	1036
609	1202
609	1075
610	993
610	1036
610	1075
610	956
610	671
611	673
611	676
611	671
612	1253
612	688
613	673
613	1163
613	663
614	1259
614	1253
614	1131
614	1260
614	1009
614	1142
614	1178
614	1279
615	1009
615	1075
615	689
615	671
616	784
616	963
616	815
616	688
616	1146
616	1142
616	1178
616	1210
617	673
617	663
618	1073
618	1202
618	1075
618	671
618	639
619	993
619	1036
619	1075
619	956
619	671
620	993
620	1028
620	1036
620	956
620	671
621	673
621	663
621	671
622	640
622	1253
622	1036
622	688
623	993
623	1036
623	956
623	671
624	688
624	1131
624	974
624	755
625	993
625	956
625	1036
625	655
625	1202
625	1075
625	923
626	1131
626	688
626	755
627	688
627	1009
627	1273
627	1181
628	1075
628	755
628	688
628	1009
629	993
629	1036
629	1075
629	956
629	671
630	1142
630	688
630	755
630	1178
631	1202
631	1075
631	956
631	671
632	900
632	1009
632	1142
632	755
632	1178
633	740
633	671
634	673
634	1253
634	843
634	750
634	663
635	993
635	1036
635	1075
635	956
635	671
636	673
636	974
636	663
636	671
637	993
637	1036
637	956
637	671
638	688
639	1073
639	1202
639	1075
639	671
640	975
640	688
640	1142
640	1178
640	1148
641	1131
641	1253
641	1254
641	1163
641	1260
641	1259
641	1277
642	1009
642	755
642	1142
642	1178
642	1183
643	688
643	848
643	1009
643	755
644	1075
644	688
644	1009
644	755
645	673
645	671
646	1063
646	1009
646	755
646	1142
646	1178
647	688
647	1009
647	1142
647	755
648	663
648	688
648	1009
648	755
649	896
649	993
649	689
649	1009
649	1075
649	671
650	688
650	1009
650	755
650	1178
651	752
651	671
652	877
652	1009
652	755
652	1142
652	1178
653	993
653	956
653	671
654	993
654	1036
654	1075
654	956
654	671
655	993
655	1036
655	1202
655	1075
655	956
656	1024
656	993
656	967
656	1036
656	665
656	956
656	671
657	1009
657	755
657	1142
657	1178
658	1142
658	671
659	689
659	1033
659	1009
659	1042
659	1075
659	671
660	673
660	1092
660	1163
660	663
660	688
661	1009
661	755
661	1142
661	1178
662	1253
662	688
663	1025
663	1032
663	1047
663	1051
663	1053
663	1055
663	688
663	1071
663	1074
663	1078
663	1090
663	1092
663	865
663	1101
663	1037
663	1109
663	1040
663	1124
663	1137
663	1144
663	1155
663	1163
663	1170
663	1173
663	1174
663	1177
663	666
663	1180
663	1181
663	1017
663	673
663	977
663	680
663	681
663	1195
663	1196
663	693
663	1206
663	1080
663	799
663	714
663	885
663	706
663	944
663	1220
663	1225
663	718
663	720
663	729
663	731
663	1133
663	1270
663	763
663	773
663	776
663	783
663	787
663	1086
663	806
663	807
663	1169
663	1067
663	825
663	827
663	830
663	835
663	838
663	839
663	1164
663	843
663	849
663	850
663	852
663	858
663	862
663	863
663	866
663	876
663	883
663	897
663	899
663	904
663	926
663	930
663	931
663	936
663	941
663	942
663	1096
663	966
663	971
663	974
663	983
663	664
663	1005
663	851
663	1013
663	1020
664	673
664	1253
664	1163
664	1277
665	688
665	967
665	1003
666	673
666	1163
666	1131
667	993
667	956
667	671
667	1183
668	1009
668	755
668	1142
668	1178
669	993
669	694
669	956
669	671
670	751
670	688
670	1009
670	755
670	1142
671	672
671	675
671	676
671	678
671	685
671	689
671	691
671	693
671	694
671	695
671	696
671	698
671	699
671	701
671	706
671	708
671	710
671	712
671	719
671	726
671	727
671	729
671	730
671	732
671	733
671	735
671	739
671	740
671	742
671	745
671	747
671	756
671	757
671	759
671	765
671	767
671	769
671	778
671	789
671	805
671	808
671	812
671	831
671	840
671	846
671	856
671	873
671	879
671	882
671	901
671	902
671	907
671	910
671	930
671	935
671	939
671	949
671	955
671	956
671	968
671	985
671	993
671	995
671	1007
671	1010
671	1023
671	1028
671	1033
671	1036
671	1041
671	1046
671	1060
671	1061
671	1075
671	1082
671	1085
671	1087
671	1103
671	1112
671	1121
671	1122
671	1125
671	1127
671	1151
671	1157
671	1166
671	1168
671	1171
671	1183
671	1189
671	1193
671	1202
671	1211
671	1217
671	1219
671	1221
671	1222
671	1228
671	1230
672	993
672	1202
672	1075
672	956
673	1025
673	1032
673	1047
673	1051
673	1053
673	1055
673	944
673	1071
673	1074
673	1078
673	1090
673	1092
673	865
673	1101
673	1037
673	1109
673	1040
673	1124
673	1137
673	1144
673	1155
673	1163
673	1164
673	1133
673	1170
673	1173
673	1174
673	1177
673	1180
673	1181
673	1017
673	977
673	680
673	681
673	1195
673	1196
673	693
673	1206
673	1080
673	799
673	714
673	885
673	1220
673	718
673	720
673	731
673	1270
673	763
673	773
673	776
673	783
673	787
673	1086
673	806
673	807
673	1169
673	904
673	825
673	827
673	906
673	830
673	831
673	835
673	838
673	839
673	843
673	849
673	850
673	852
673	858
673	862
673	863
673	866
673	876
673	883
673	926
673	930
673	931
673	936
673	941
673	942
673	966
673	971
673	974
673	983
673	851
673	1013
673	1067
673	1020
674	1003
674	688
674	914
675	993
675	1036
675	1016
675	1183
676	956
677	688
677	1253
678	993
678	689
678	1009
678	1075
678	956
679	688
679	1009
679	755
679	1142
680	1163
680	763
681	1163
681	974
682	1009
682	755
682	1013
682	1142
682	1144
682	1178
682	1274
683	900
683	842
683	716
683	1009
683	755
683	1142
684	688
684	1009
684	755
684	1142
685	1217
685	879
685	956
686	900
686	1254
686	1259
686	1260
686	913
686	1268
686	1117
687	688
687	1009
687	755
687	1142
688	1031
688	819
688	1052
688	1058
688	1197
688	1034
688	938
688	697
688	1117
688	1118
688	1123
688	746
688	1131
688	1014
688	1161
688	874
688	709
688	925
688	1148
688	690
688	1208
688	700
688	970
688	703
688	704
688	705
688	707
688	711
688	713
688	717
688	1106
688	1030
688	1003
688	734
688	738
688	721
688	755
688	761
688	771
688	772
688	1068
688	779
688	781
688	1178
688	1215
688	884
688	796
688	798
688	802
688	1135
688	814
688	818
688	692
688	821
688	905
688	857
688	860
688	864
688	870
688	1084
688	877
688	880
688	886
688	908
688	898
688	854
688	1089
688	749
688	920
688	914
688	750
688	1138
688	1093
688	940
688	951
688	952
688	961
688	963
688	964
688	975
688	978
688	982
688	989
688	998
688	1005
688	1009
688	1011
688	1210
688	1142
689	1075
689	1033
689	956
689	708
689	852
689	993
689	1009
690	1009
691	1075
691	993
691	1036
691	956
692	755
692	1009
692	1142
694	956
695	993
695	1036
695	1202
695	956
696	719
697	1142
697	1210
698	993
698	1036
698	1202
698	1075
699	727
699	729
700	1009
700	755
701	993
701	1202
701	1075
701	956
702	897
702	1009
702	1075
702	955
702	1054
703	1009
703	755
704	1202
704	1142
704	1178
705	1124
705	1009
705	755
706	1189
706	1171
707	1009
707	755
708	1009
708	1042
708	1075
708	956
709	1009
709	755
709	1142
710	1202
710	1075
710	1240
711	1142
713	1009
713	755
713	1142
714	1163
714	1174
715	1009
715	1142
715	755
715	1178
716	900
716	842
716	1009
716	755
716	788
716	1142
716	1178
717	1009
717	755
718	1163
718	1087
719	993
719	1036
719	956
720	1163
720	1144
720	1013
721	1009
721	974
721	755
721	1142
721	1178
722	993
722	970
722	1036
722	1202
722	1075
722	956
723	1075
723	970
723	1009
723	1142
723	755
723	728
723	1178
724	993
724	1157
724	1036
724	1202
724	1075
724	956
725	993
725	1253
725	1127
725	1036
725	1202
725	1240
725	956
725	1221
726	993
726	1036
726	1202
726	1075
726	956
727	729
727	956
728	1075
728	970
728	1009
728	1142
728	755
728	1178
729	993
729	1205
729	833
729	808
729	1036
729	882
729	1166
729	1175
730	993
730	1036
730	956
731	1163
731	755
731	974
732	993
732	956
732	1036
732	1202
732	1075
733	993
733	1036
733	1202
733	1075
733	956
734	1009
734	755
734	1142
734	1178
735	993
735	1036
735	1202
735	1075
735	956
736	1123
736	877
736	1009
736	755
736	1142
736	1178
737	1253
737	1163
737	974
737	1074
737	1277
737	862
738	1163
738	1009
738	755
738	1142
738	1178
739	993
739	1036
739	1202
739	1075
739	956
740	993
740	956
741	993
741	1036
741	1202
741	1075
741	956
742	993
742	1036
742	1202
742	1075
742	956
743	993
743	1260
743	1261
743	1036
743	1075
743	1240
743	1178
743	955
743	956
744	993
744	1036
744	1070
744	752
744	1202
744	1075
744	1112
744	956
745	993
745	1036
745	1202
745	1075
745	956
746	974
746	1009
746	755
746	1142
746	1178
747	993
747	1036
747	1202
747	1075
747	956
748	993
748	1036
748	1202
748	1075
749	974
749	1009
749	1142
749	755
749	1178
749	1115
750	832
750	843
750	775
750	751
750	1009
750	755
751	832
751	1009
751	755
751	1142
751	1178
751	1183
752	1029
752	1036
752	909
752	917
752	795
752	1203
752	1065
752	943
752	1202
752	1075
752	991
752	956
752	1213
752	1179
752	1112
752	762
752	992
752	993
752	1126
752	872
752	1129
752	764
753	993
753	956
753	1036
753	1202
753	1075
754	1075
754	993
754	1002
754	1036
754	1202
754	1171
754	956
755	1024
755	1039
755	1043
755	857
755	1048
755	1052
755	1058
755	1059
755	1030
755	1068
755	905
755	1178
755	1204
755	1119
755	1034
755	1093
755	1091
755	957
755	1106
755	1114
755	1117
755	1130
755	1131
755	1197
755	1146
755	1148
755	1132
755	962
755	1167
755	1172
755	1176
755	1050
755	1186
755	1188
755	1190
755	1198
755	1201
755	1116
755	1174
755	970
755	1223
755	1063
755	893
755	1218
755	1260
755	1113
755	758
755	761
755	980
755	765
755	1278
755	768
755	1152
755	771
755	772
755	773
755	1154
755	779
755	781
755	784
755	785
755	786
755	1066
755	788
755	790
755	1161
755	796
755	798
755	1072
755	809
755	811
755	814
755	815
755	816
755	1160
755	818
755	819
755	820
755	821
755	823
755	1247
755	828
755	1162
755	832
755	837
755	844
755	1208
755	1165
755	848
755	854
755	855
755	859
755	860
755	861
755	864
755	870
755	1084
755	874
755	875
755	877
755	880
755	915
755	884
755	1140
755	887
755	888
755	890
755	894
755	895
755	1191
755	898
755	900
755	1056
755	903
755	906
755	912
755	914
755	916
755	919
755	920
755	922
755	924
755	927
755	928
755	929
755	1139
755	937
755	938
755	940
755	925
755	1145
755	950
755	951
755	952
755	842
755	958
755	960
755	961
755	963
755	964
755	1089
755	972
755	973
755	1094
755	975
755	953
755	978
755	982
755	984
755	1209
755	989
755	998
755	999
755	1001
755	1004
755	1005
755	1006
755	1021
755	1009
755	1011
755	1012
755	886
755	1159
755	1142
756	993
756	1036
756	1202
756	1075
756	956
757	993
757	1075
757	1002
757	1036
757	1202
757	1171
757	956
758	1253
758	1009
758	1273
758	1178
758	1142
758	1279
759	993
759	1036
759	1075
759	956
760	993
760	1224
760	1009
760	1202
760	1075
760	923
760	956
761	1280
761	1105
761	1131
761	1009
762	993
762	1036
762	1202
762	1075
762	1112
762	956
763	1163
763	974
764	993
764	956
764	1036
764	1202
764	1075
764	1112
765	1075
765	993
765	1163
765	1036
765	1202
765	956
766	993
766	1036
766	1202
766	1009
766	1042
766	1075
766	1016
766	956
767	993
767	1036
767	1202
767	1075
767	956
768	1009
768	1142
768	1178
769	993
769	1036
769	1202
769	1075
769	956
770	993
770	1221
770	1036
770	1202
770	1075
770	956
771	1009
771	1142
771	1178
772	1009
772	1142
772	1178
773	1163
773	974
774	993
774	956
774	1036
774	1202
774	1075
775	1040
775	1011
775	1178
775	1181
776	1124
776	1163
777	993
777	1036
777	1202
777	1075
777	956
778	993
778	1036
778	1202
778	1075
778	956
779	1009
779	1013
779	1142
779	1274
779	1178
780	993
780	1075
780	956
780	1036
780	1202
780	1240
781	1009
781	1178
782	993
782	1163
782	1036
782	1202
782	1013
782	1144
783	1124
783	1163
783	1142
784	963
784	1253
784	1259
784	1260
784	1178
784	1210
784	1279
785	1123
785	1009
785	1142
785	1178
785	1183
786	962
786	899
786	805
786	848
786	1009
786	1142
786	1178
786	1215
787	1163
787	1138
788	1075
788	900
788	1009
788	1142
788	1178
789	993
789	1122
789	1036
789	1202
789	1075
789	956
790	897
790	1009
790	1142
790	1178
791	993
791	1036
791	1106
791	1008
791	1202
791	1075
791	956
792	1122
792	1253
792	1260
792	1003
792	1004
792	984
793	1075
793	993
793	1036
793	1016
793	956
794	993
794	1036
794	1202
794	1075
794	956
795	993
795	1106
795	1202
795	1075
795	956
796	1009
796	1142
796	919
796	1178
796	1183
797	993
797	1036
797	1202
797	1075
797	956
798	1009
798	1142
798	1178
799	1253
799	1163
799	1273
799	1277
800	1120
800	993
800	956
800	1036
800	1202
800	1075
801	993
801	1036
801	1202
801	1075
801	956
802	973
803	993
803	1036
803	1202
803	1075
803	956
804	993
804	1036
804	1202
804	1075
804	956
805	993
805	994
805	1030
805	844
805	1036
805	1202
805	1075
805	1147
805	956
806	1163
806	1009
806	1178
807	1163
807	1009
807	1178
808	993
808	1036
808	1202
808	1075
808	956
809	1253
809	1062
809	1009
809	1142
809	1178
809	1279
810	993
810	1036
810	1202
810	1075
810	956
811	1253
811	999
811	1009
811	1142
811	1178
811	1279
812	993
812	1122
812	1036
812	1202
812	1075
812	956
813	993
813	1253
813	1036
813	1202
813	1075
813	1240
813	956
814	1009
814	1142
814	1178
815	1009
815	1142
815	1178
816	1009
816	1237
816	1142
816	1178
817	993
817	1036
817	1202
817	1075
817	956
819	974
819	1009
819	1142
819	1178
820	1003
820	1004
820	1009
820	1142
820	1178
821	1009
822	993
822	1036
822	1202
822	1075
822	1142
822	956
823	1253
823	1009
823	1142
823	1178
823	1279
824	993
824	1226
824	1036
824	1202
824	1075
824	956
825	1003
825	1163
826	993
826	1253
826	1036
826	1202
826	1075
826	1240
826	956
827	1163
828	1009
828	1075
828	1142
828	1178
829	993
829	1036
829	1202
829	1075
829	956
830	1163
830	1277
830	1055
831	993
831	1036
831	1202
831	1075
831	956
832	1009
832	884
832	1142
832	1178
832	1183
833	993
833	1036
833	1106
833	882
833	1075
833	1175
833	956
834	993
834	956
834	1036
834	1202
834	1075
835	1163
835	1009
835	1178
836	993
836	1036
836	1202
836	1075
836	956
837	1123
837	1009
837	1142
837	1178
838	1220
838	1163
838	1178
839	1253
839	1163
839	1277
840	993
840	1036
840	956
841	993
841	1227
841	1036
841	1202
841	1075
841	956
842	1009
842	1142
842	1178
843	1163
843	1174
844	1009
844	1142
844	1178
845	993
845	1253
845	967
845	1036
845	1202
845	1075
845	1240
845	956
846	1221
847	993
847	1036
847	1202
847	1016
847	956
847	1183
848	962
848	899
849	1009
849	1163
849	1178
850	1163
850	1009
850	974
851	1220
851	1163
851	1177
852	1163
852	1009
852	1075
853	1275
853	974
853	1135
853	1073
853	1074
853	931
853	1115
854	1009
854	1142
854	1178
855	1282
855	1253
855	1009
855	1171
855	1142
855	1178
855	1279
856	993
856	1036
856	1075
856	956
857	1009
857	1142
857	1178
858	1163
858	1013
858	1144
859	1009
859	1075
859	1142
859	1178
860	1075
860	1009
860	1142
860	1178
861	1178
861	1009
861	1013
861	1142
861	1144
861	1274
862	1163
862	974
863	1163
863	1142
863	1178
864	1009
864	1142
864	1178
865	1163
865	1009
865	1142
866	1163
866	1009
866	1142
867	993
867	1224
867	1036
867	1202
867	1009
867	1042
867	1075
867	1016
868	993
868	1036
868	1202
868	1075
868	956
869	993
869	1036
869	1202
869	1075
869	1240
869	956
869	1253
870	1009
870	1142
870	1178
871	993
871	1036
871	1202
871	1075
871	956
872	993
872	1122
872	1036
872	1202
872	1075
872	956
873	993
873	1036
873	1202
873	1075
873	956
874	1009
874	1142
874	1178
875	1009
875	974
875	1142
875	1178
876	1163
876	1105
876	974
876	1178
877	1009
877	1142
877	1178
878	993
878	1036
878	1202
878	1075
878	956
879	993
879	1217
879	1036
879	1075
879	956
880	974
880	1009
880	1142
880	1210
880	1178
881	993
881	1156
881	1036
881	1202
881	1075
881	956
882	993
883	1003
883	1163
883	1013
883	1144
884	1009
884	1142
884	1178
884	1183
885	1163
885	1109
886	1009
887	1031
887	1009
887	1142
887	1178
888	1009
888	1142
888	1178
889	993
889	1122
889	1036
889	1075
889	1112
889	956
890	1009
890	1142
890	1178
890	1087
891	993
891	1253
891	956
891	1036
891	1202
891	1075
891	1240
891	892
892	993
892	1253
892	956
892	1036
892	1202
892	1075
892	1240
893	931
893	1009
893	974
893	1135
893	1073
893	1142
893	1178
894	1009
894	1075
894	1142
894	1178
895	1039
895	1009
895	1142
895	1178
896	993
896	1036
896	1202
896	1075
896	956
897	1054
897	955
898	1253
898	1009
898	1142
898	1178
898	1279
899	962
899	1163
900	1009
900	1178
900	1142
901	993
901	1036
901	1202
901	1075
901	956
902	993
902	1221
902	1036
902	1087
903	1009
903	1075
903	1142
903	1178
904	1163
904	1009
904	1178
905	1009
905	1142
906	931
906	1009
906	1142
906	1178
907	993
907	1036
907	1075
907	956
909	993
909	1036
909	1230
909	1202
909	1112
909	956
910	993
910	1036
910	1202
910	1075
910	956
911	993
911	1036
911	1202
911	1075
911	956
912	1009
912	1142
912	1178
913	1259
913	1260
913	923
914	1009
914	1142
914	1178
915	1009
915	1142
915	1178
916	1035
916	1003
916	1004
916	1009
916	1075
916	1142
916	1178
917	993
917	1122
917	1036
917	1202
917	1112
917	956
918	993
918	1036
918	1202
918	1075
918	956
919	1131
919	1009
919	1142
919	1178
919	1183
920	1009
920	1142
920	1178
921	993
921	1036
921	1202
921	1075
921	956
922	1009
922	1142
922	1178
923	1259
923	1260
924	929
924	1009
924	1142
924	1178
924	1183
925	1009
925	1142
925	1178
926	1253
926	1163
926	1277
927	974
927	1009
927	1142
927	1178
928	1009
928	1011
928	1013
928	1142
928	1274
928	1178
929	1194
929	1009
929	1142
929	1241
929	1178
931	1124
931	1163
931	974
931	1115
932	993
932	1036
932	1202
932	1075
932	1112
932	956
933	1105
934	993
934	1036
934	1202
934	1075
934	956
935	993
935	1036
935	956
936	1253
936	1163
936	1277
937	1009
937	1142
937	1178
937	1210
938	1009
938	1142
938	1178
939	993
939	1036
939	1202
939	1075
939	956
940	1217
940	1009
940	1142
940	1178
941	1163
941	1009
941	983
942	1163
942	1009
943	993
943	1036
943	1265
943	1075
943	956
944	1163
944	1009
944	1178
945	993
945	963
945	1036
945	1202
945	1075
945	1178
945	956
946	993
946	1036
946	1042
946	1009
946	1075
946	1016
946	956
947	1075
947	993
947	1036
947	1202
947	956
948	993
948	1036
948	1202
948	1075
948	956
949	993
949	1036
949	1202
949	1075
949	956
950	1009
950	1142
950	1178
951	1009
951	1142
951	985
951	1178
952	1221
952	1009
952	1142
952	1178
953	1009
953	1142
953	1178
954	993
954	1253
954	1036
954	1075
954	1240
954	956
955	1054
955	1261
955	1178
956	959
956	965
956	967
956	968
956	969
956	976
956	979
956	981
956	985
956	986
956	987
956	988
956	990
956	991
956	992
956	993
956	995
956	997
956	1000
956	1007
956	1008
956	1010
956	1015
956	1016
956	1022
956	1026
956	1027
956	1029
956	1036
956	1038
956	1041
956	1042
956	1044
956	1045
956	1046
956	1057
956	1060
956	1062
956	1065
956	1073
956	1075
956	1076
956	1077
956	1079
956	1082
956	1083
956	1085
956	1087
956	1095
956	1097
956	1098
956	1099
956	1100
956	1102
956	1104
956	1107
956	1110
956	1120
956	1122
956	1127
956	1128
956	1129
956	1134
956	1136
956	1141
956	1143
956	1147
956	1149
956	1150
956	1151
956	1153
956	1156
956	1157
956	1158
956	1166
956	1168
956	1175
956	1179
956	1182
956	1183
956	1184
956	1185
956	1187
956	1189
956	1192
956	1193
956	1194
956	1200
956	1202
956	1205
956	1212
956	1213
956	1214
956	1216
956	1217
956	1219
956	1221
956	1222
956	1224
956	1226
956	1227
956	1228
956	1245
956	1276
957	1009
957	1142
957	1178
958	1094
958	1009
958	1142
958	1178
959	993
959	1036
959	1202
959	1075
960	1009
960	1142
960	1178
961	1009
961	1142
961	1178
962	1009
962	1142
962	1178
963	1009
963	1108
963	1142
963	1178
963	1210
964	1009
964	1142
964	1178
965	1202
965	1075
965	1117
966	1163
966	1253
966	1277
967	1024
967	993
967	1200
967	1036
967	1202
967	1075
968	993
968	1036
968	1202
968	1075
969	993
969	1036
969	1202
969	1075
970	1102
970	1009
970	1204
970	1142
970	1178
971	1163
971	1178
972	1253
972	1009
972	1142
972	1279
972	1178
972	1221
973	1009
973	1142
973	1178
974	1025
974	1155
974	1040
974	1163
974	1170
974	1115
974	1186
974	1066
974	1032
974	1074
974	1208
974	1055
974	1218
974	1017
975	1009
975	1142
975	1178
976	993
976	1036
976	1202
976	1075
976	1046
977	1220
977	1009
977	1163
978	1009
978	1142
978	1178
978	1183
979	1075
979	993
979	1036
979	1202
980	1003
980	1004
980	1009
980	1142
980	1178
981	993
981	1126
981	1036
981	1075
981	1142
982	1142
982	1009
982	1178
982	1210
983	1163
983	1178
984	1009
984	1079
984	1142
984	1178
985	993
985	1036
985	1075
986	993
986	1253
986	1036
986	1202
986	1075
986	1240
987	993
987	1036
987	1073
987	1202
987	1075
988	993
988	1036
988	1202
988	1075
989	1009
989	1142
989	1178
990	993
990	1036
990	1202
990	1075
991	993
991	1036
991	1202
991	1075
991	1112
992	993
992	1036
992	1202
992	1075
992	1112
993	994
993	995
993	997
993	1000
993	1002
993	1007
993	1008
993	1010
993	1015
993	1016
993	1022
993	1026
993	1027
993	1028
993	1029
993	1033
993	1036
993	1038
993	1041
993	1042
993	1044
993	1045
993	1046
993	1057
993	1060
993	1062
993	1065
993	1069
993	1073
993	1075
993	1076
993	1077
993	1079
993	1081
993	1082
993	1083
993	1085
993	1087
993	1088
993	1095
993	1097
993	1098
993	1099
993	1100
993	1102
993	1104
993	1107
993	1110
993	1111
993	1112
993	1120
993	1125
993	1128
993	1134
993	1136
993	1141
993	1143
993	1145
993	1147
993	1149
993	1150
993	1151
993	1153
993	1156
993	1157
993	1158
993	1166
993	1168
993	1171
993	1175
993	1179
993	1182
993	1183
993	1184
993	1185
993	1187
993	1189
993	1192
993	1193
993	1194
993	1200
993	1202
993	1203
993	1205
993	1207
993	1211
993	1212
993	1213
993	1214
993	1216
993	1217
993	1219
993	1221
993	1222
993	1224
993	1226
993	1227
993	1228
993	1232
993	1245
994	1036
994	1075
994	1087
995	1075
995	1036
996	1154
996	1013
996	1144
996	1274
996	1180
997	1155
997	1163
997	1036
997	1075
997	1174
998	1009
998	1142
998	1178
999	1163
999	1253
999	1009
999	1142
999	1273
999	1274
999	1178
1000	1036
1000	1202
1000	1075
1001	1009
1001	1142
1001	1178
1002	1125
1002	1036
1002	1171
1003	1064
1003	1199
1003	1004
1003	1276
1004	1009
1004	1142
1004	1178
1005	1009
1005	1142
1005	1178
1006	1253
1006	1230
1006	1009
1006	1142
1006	1178
1006	1279
1007	1036
1007	1202
1007	1075
1008	1036
1008	1202
1008	1075
1008	1048
1009	1011
1009	1012
1009	1013
1009	1014
1009	1016
1009	1019
1009	1024
1009	1025
1009	1030
1009	1031
1009	1033
1009	1034
1009	1035
1009	1039
1009	1042
1009	1043
1009	1048
1009	1050
1009	1052
1009	1054
1009	1056
1009	1058
1009	1059
1009	1063
1009	1064
1009	1066
1009	1068
1009	1072
1009	1075
1009	1084
1009	1088
1009	1089
1009	1091
1009	1093
1009	1094
1009	1095
1009	1105
1009	1106
1009	1113
1009	1114
1009	1116
1009	1117
1009	1119
1009	1126
1009	1130
1009	1131
1009	1132
1009	1139
1009	1140
1009	1142
1009	1143
1009	1145
1009	1146
1009	1148
1009	1149
1009	1152
1009	1154
1009	1159
1009	1160
1009	1161
1009	1162
1009	1165
1009	1167
1009	1169
1009	1172
1009	1176
1009	1178
1009	1180
1009	1185
1009	1186
1009	1188
1009	1190
1009	1191
1009	1195
1009	1197
1009	1198
1009	1201
1009	1204
1009	1206
1009	1208
1009	1209
1009	1210
1009	1218
1009	1223
1009	1224
1009	1232
1009	1247
1009	1278
1010	1036
1010	1202
1010	1075
1011	1142
1011	1233
1011	1178
1012	1253
1012	1142
1012	1178
1012	1279
1013	1154
1013	1113
1013	1050
1013	1199
1013	1180
1013	1186
1013	1069
1013	1071
1013	1072
1013	1163
1013	1058
1013	1144
1014	1031
1015	1036
1015	1202
1015	1075
1015	1016
1015	1183
1016	1028
1016	1035
1016	1036
1016	1042
1016	1183
1016	1185
1016	1064
1016	1202
1016	1075
1016	1207
1016	1081
1016	1088
1016	1095
1016	1224
1016	1143
1016	1232
1016	1187
1016	1150
1016	1141
1016	1149
1017	1124
1017	1163
1018	1253
1018	1259
1018	1260
1018	1202
1018	1075
1018	1240
1019	1131
1019	1118
1020	1253
1020	1163
1020	1168
1020	1277
1021	1253
1021	1259
1021	1260
1021	1142
1021	1178
1021	1279
1022	1253
1022	1036
1022	1202
1022	1075
1022	1240
1023	1183
1024	1142
1024	1178
1025	1163
1026	1036
1026	1202
1026	1075
1026	1240
1027	1075
1027	1036
1027	1202
1028	1183
1029	1122
1029	1036
1029	1202
1029	1075
1030	1142
1030	1178
1031	1092
1032	1163
1032	1109
1033	1075
1033	1221
1034	1075
1034	1142
1034	1178
1035	1075
1035	1063
1035	1112
1036	1212
1036	1042
1036	1044
1036	1046
1036	1141
1036	1087
1036	1064
1036	1076
1036	1077
1036	1079
1036	1083
1036	1110
1036	1088
1036	1095
1036	1100
1036	1111
1036	1128
1036	1060
1036	1120
1036	1041
1036	1129
1036	1136
1036	1143
1036	1102
1036	1156
1036	1158
1036	1147
1036	1175
1036	1062
1036	1184
1036	1189
1036	1190
1036	1193
1036	1194
1036	1203
1036	1202
1036	1205
1036	1211
1036	1099
1036	1214
1036	1219
1036	1192
1036	1221
1036	1222
1036	1057
1036	1224
1036	1228
1036	1217
1036	1065
1036	1166
1036	1151
1036	1153
1036	1134
1036	1157
1036	1073
1036	1182
1036	1245
1036	1075
1036	1045
1036	1081
1036	1167
1036	1082
1036	1168
1036	1107
1036	1104
1036	1207
1036	1097
1036	1098
1036	1038
1036	1183
1036	1226
1036	1227
1037	1163
1037	1178
1038	1202
1038	1075
1038	1112
1039	1280
1039	1253
1039	1142
1039	1178
1039	1279
1040	1163
1040	1181
1041	1131
1041	1202
1041	1075
1042	1064
1042	1202
1042	1075
1042	1087
1042	1088
1042	1224
1042	1232
1042	1134
1043	1142
1043	1178
1044	1073
1044	1202
1044	1075
1045	1253
1045	1202
1045	1075
1045	1240
1046	1219
1046	1202
1046	1075
1047	1163
1047	1101
1048	1142
1048	1178
1049	1138
1050	1072
1050	1142
1050	1274
1050	1178
1051	1220
1051	1163
1051	1124
1052	1142
1053	1220
1053	1163
1054	1075
1055	1163
1056	1142
1056	1178
1057	1202
1057	1075
1058	1142
1058	1178
1058	1274
1059	1075
1059	1142
1059	1178
1060	1202
1060	1075
1061	1171
1061	1087
1062	1202
1062	1075
1063	1142
1063	1178
1064	1075
1065	1202
1065	1075
1065	1112
1066	1228
1066	1142
1066	1178
1067	1131
1067	1163
1067	1118
1068	1142
1068	1178
1069	1253
1069	1073
1069	1202
1069	1075
1069	1240
1069	1274
1070	1253
1070	1103
1070	1202
1070	1075
1070	1240
1070	1273
1070	1215
1071	1163
1071	1144
1072	1142
1072	1274
1072	1178
1073	1115
1073	1202
1073	1075
1073	1110
1073	1150
1074	1253
1074	1163
1074	1277
1075	1076
1075	1077
1075	1079
1075	1081
1075	1082
1075	1083
1075	1085
1075	1088
1075	1095
1075	1097
1075	1098
1075	1099
1075	1100
1075	1102
1075	1103
1075	1104
1075	1107
1075	1110
1075	1111
1075	1114
1075	1120
1075	1121
1075	1126
1075	1127
1075	1128
1075	1129
1075	1134
1075	1136
1075	1141
1075	1143
1075	1145
1075	1147
1075	1149
1075	1150
1075	1151
1075	1153
1075	1156
1075	1157
1075	1158
1075	1166
1075	1167
1075	1168
1075	1171
1075	1175
1075	1176
1075	1179
1075	1180
1075	1182
1075	1184
1075	1185
1075	1187
1075	1189
1075	1192
1075	1193
1075	1194
1075	1200
1075	1202
1075	1203
1075	1204
1075	1205
1075	1207
1075	1211
1075	1212
1075	1213
1075	1214
1075	1216
1075	1217
1075	1219
1075	1221
1075	1222
1075	1224
1075	1226
1075	1227
1075	1228
1075	1232
1075	1245
1076	1202
1077	1202
1078	1124
1078	1163
1078	1178
1079	1202
1081	1202
1081	1183
1082	1221
1082	1127
1082	1202
1083	1202
1084	1142
1084	1210
1084	1178
1085	1221
1086	1124
1086	1163
1086	1156
1087	1232
1087	1137
1088	1224
1088	1202
1089	1142
1089	1178
1090	1163
1091	1142
1091	1178
1092	1163
1093	1142
1093	1178
1094	1142
1094	1178
1095	1224
1095	1202
1096	1225
1097	1156
1097	1197
1097	1202
1098	1202
1099	1202
1100	1202
1101	1124
1101	1163
1102	1202
1103	1251
1103	1202
1103	1215
1104	1202
1105	1280
1105	1142
1105	1178
1106	1142
1106	1178
1107	1202
1108	1172
1108	1156
1108	1285
1108	1163
1108	1109
1109	1163
1110	1202
1111	1122
1111	1221
1111	1202
1112	1179
1112	1200
1112	1203
1112	1213
1112	1216
1112	1129
1113	1163
1113	1142
1113	1274
1113	1178
1114	1253
1114	1142
1114	1178
1114	1279
1115	1135
1115	1275
1116	1171
1116	1253
1116	1142
1116	1178
1116	1279
1117	1142
1117	1178
1118	1131
1118	1188
1119	1221
1119	1142
1119	1178
1119	1183
1120	1122
1120	1202
1121	1202
1122	1179
1122	1200
1122	1203
1122	1213
1122	1199
1122	1129
1122	1276
1123	1152
1123	1142
1123	1161
1123	1178
1124	1163
1124	1174
1124	1133
1124	1137
1125	1171
1126	1224
1126	1142
1127	1216
1127	1221
1127	1128
1127	1202
1128	1221
1128	1202
1129	1202
1130	1142
1130	1178
1131	1188
1131	1191
1131	1142
1131	1146
1131	1258
1132	1142
1132	1178
1133	1163
1133	1178
1134	1202
1135	1190
1135	1142
1135	1178
1136	1202
1137	1163
1139	1221
1139	1142
1139	1178
1140	1142
1140	1178
1141	1187
1141	1202
1141	1207
1141	1183
1142	1195
1142	1196
1142	1204
1142	1145
1142	1146
1142	1148
1142	1162
1142	1167
1142	1172
1142	1176
1142	1178
1142	1186
1142	1188
1142	1190
1142	1197
1142	1198
1142	1201
1142	1191
1142	1208
1142	1223
1142	1218
1142	1220
1142	1260
1142	1278
1142	1152
1142	1154
1142	1161
1142	1160
1142	1247
1142	1209
1142	1170
1142	1165
1142	1169
1142	1159
1143	1224
1143	1202
1144	1163
1144	1199
1144	1180
1145	1178
1146	1210
1146	1178
1147	1202
1147	1183
1148	1178
1149	1224
1149	1202
1150	1217
1150	1202
1150	1183
1151	1202
1152	1253
1152	1178
1152	1279
1153	1202
1154	1186
1154	1274
1154	1178
1155	1163
1156	1202
1157	1202
1158	1163
1158	1202
1158	1183
1159	1178
1160	1178
1161	1178
1162	1253
1162	1178
1162	1279
1163	1170
1163	1173
1163	1174
1163	1177
1163	1180
1163	1181
1163	1195
1163	1196
1163	1199
1163	1206
1163	1220
1163	1270
1163	1169
1163	1164
1163	1277
1164	1173
1165	1178
1166	1202
1167	1178
1168	1202
1171	1202
1172	1178
1175	1202
1175	1205
1176	1178
1177	1209
1178	1204
1178	1188
1178	1190
1178	1191
1178	1223
1178	1196
1178	1197
1178	1198
1178	1201
1178	1208
1178	1209
1178	1210
1178	1215
1178	1218
1178	1220
1178	1261
1178	1247
1178	1260
1178	1257
1178	1259
1178	1186
1178	1278
1179	1202
1181	1220
1182	1202
1183	1186
1183	1207
1183	1187
1184	1202
1185	1217
1185	1224
1185	1202
1186	1274
1187	1202
1187	1207
1189	1202
1190	1253
1190	1279
1192	1202
1193	1202
1194	1202
1200	1202
1202	1245
1202	1213
1202	1216
1202	1203
1202	1205
1202	1211
1202	1214
1202	1219
1202	1217
1202	1224
1202	1226
1202	1228
1202	1230
1202	1232
1202	1222
1202	1212
1202	1207
1202	1227
1210	1260
1215	1251
1216	1221
1217	1231
1224	1232
1229	1259
1229	1253
1229	1240
1229	1273
1229	1279
1231	1253
1231	1240
1231	1279
1233	1253
1233	1254
1233	1259
1233	1277
1233	1279
1234	1280
1234	1250
1234	1259
1234	1253
1234	1254
1234	1273
1234	1279
1235	1253
1235	1240
1235	1279
1236	1253
1236	1265
1236	1240
1236	1279
1237	1253
1237	1266
1237	1279
1238	1259
1238	1253
1238	1240
1238	1273
1238	1279
1239	1253
1239	1240
1239	1279
1240	1283
1240	1241
1240	1242
1240	1243
1240	1244
1240	1245
1240	1246
1240	1248
1240	1251
1240	1252
1240	1253
1240	1254
1240	1255
1240	1256
1240	1257
1240	1258
1240	1259
1240	1261
1240	1262
1240	1264
1240	1265
1240	1267
1240	1268
1240	1269
1240	1271
1240	1272
1240	1275
1240	1276
1240	1277
1240	1279
1240	1281
1240	1282
1240	1284
1240	1285
1240	1286
1241	1259
1241	1253
1241	1273
1241	1277
1241	1279
1242	1253
1242	1259
1242	1279
1243	1253
1243	1279
1244	1253
1244	1279
1245	1253
1246	1259
1246	1253
1246	1273
1246	1277
1246	1279
1247	1253
1247	1263
1247	1279
1248	1253
1248	1279
1249	1253
1249	1254
1249	1259
1249	1268
1249	1273
1249	1279
1250	1280
1250	1253
1250	1254
1250	1259
1250	1260
1250	1277
1250	1279
1251	1253
1251	1273
1251	1279
1252	1253
1252	1279
1253	1280
1253	1281
1253	1283
1253	1285
1253	1286
1253	1287
1253	1279
1253	1254
1253	1255
1253	1257
1253	1258
1253	1259
1253	1260
1253	1261
1253	1262
1253	1263
1253	1264
1253	1265
1253	1266
1253	1267
1253	1268
1253	1269
1253	1272
1253	1273
1253	1274
1253	1275
1253	1276
1253	1277
1253	1278
1253	1282
1253	1284
1253	1256
1253	1270
1253	1271
1254	1259
1254	1283
1254	1260
1254	1277
1254	1279
1255	1259
1255	1273
1255	1277
1255	1279
1256	1279
1257	1259
1257	1260
1257	1277
1257	1279
1258	1259
1258	1273
1258	1277
1258	1279
1259	1280
1259	1282
1259	1283
1259	1281
1259	1260
1259	1261
1259	1277
1259	1264
1259	1267
1259	1268
1259	1269
1259	1271
1259	1272
1259	1273
1259	1275
1259	1279
1260	1268
1260	1261
1260	1279
1261	1279
1262	1273
1262	1277
1262	1279
1263	1279
1264	1273
1264	1277
1264	1279
1265	1266
1266	1279
1267	1273
1267	1277
1267	1279
1268	1279
1269	1273
1269	1277
1269	1279
1270	1277
1271	1273
1271	1277
1271	1279
1272	1273
1272	1277
1272	1279
1273	1280
1273	1281
1273	1282
1273	1283
1273	1274
1273	1275
1273	1277
1273	1279
1274	1279
1275	1277
1275	1279
1277	1280
1277	1282
1277	1283
1277	1281
1277	1279
1278	1279
1279	1283
1279	1287
1279	1280
1279	1281
1279	1282
1279	1284
1279	1285
