0.21631841362
0.215837477262
0.196347847772
0.21470412715
0.153920566064
0.198772066232
0.203214129377
0.205709195461
0.210758419518
0.201864137034
0.165861935847
0.206136130742
0.206359128571
0.191077169991
0.209406846404
0.19456246798
0.20835450307
0.201998810677
0.195605485853
0.19507434878
0.202567523182
0.217947587337
0.219838980096
0.207107077732
0.173573879603
0.1915646401
0.201006851296
0.214308173723
0.204733082822
0.190968098855
0.212545371876
0.211127993692
0.208383390966
0.202112327835
0.183467463331
0.205514419155
0.216619020941
0.199888281713
0.206075636164
0.208055193395
0.200829405503
0.192971324466
0.186180222152
0.20176011224
0.196800933692
0.211765095574
0.202262454871
0.196903459226
0.200048836508
0.20861966402
0.20916213278
0.171888344379
0.214226360752
0.201562063942
0.21159395036
0.190994514081
0.204551229206
0.19949625556
0.206937573377
0.207212598251
0.200918975656
0.192682385862
0.159690022819
0.209454983047
0.186817953731
0.207781633738
0.211154844396
0.159177938414
0.206062798626
0.160366656212
0.19023711683
0.213728706981
0.209922704355
0.201520222096
0.207399884518
0.206958342786
0.181624367871
0.198379315872
0.201909321402
0.175875686311
0.198215328523
0.192034978011
0.193880359354
0.216308179861
0.205209605665
0.211780461103
0.213861877284
0.214132315911
0.200751807297
0.209134437412
0.20004458335
0.20841240988
0.213691953928
0.201749563047
0.183613551709
0.207907928596
0.202575542751
0.205343476481
0.198814651208
0.214760848949
0.204940679141
0.204364763088
0.218942588299
0.205522898998
0.212851957097
0.206116146483
0.122146192975
0.200501602235
0.211018013356
0.209257108023
0.20729890474
0.217803348226
0.207742496219
0.21549156742
0.187178876018
0.177699302014
0.214834107419
0.190391341739
0.201952937827
0.196793647269
0.195794416312
0.211268601775
0.184868507204
0.18514677074
0.199426766601
0.17644401121
0.2033276703
0.184233837561
0.21482193411
0.20490864895
0.199192046466
0.196791406746
0.216220923976
0.209559482049
0.205709455177
0.177200403508
0.196371487125
0.192643189173
0.179306665184
0.196084913285
0.203499273296
0.209417175857
0.215831808452
0.213299954572
0.0891001199982
0.181043354286
0.211837057824
0.200293043525
0.204221788977
0.215670450933
0.202043374799
0.184319427165
0.190215396571
0.200012844205
0.20640041537
0.211506492096
0.210361109398
0.20593337993
0.2137345241
0.197215422392
0.205744630283
0.200762023065
0.213127255261
0.15105104456
0.209143087705
0.208060628077
0.195787302093
0.211289828878
0.20215603862
0.211361360013
0.207728363756
0.203612388404
0.205324645997
0.21263338257
0.208208147695
0.154234671448
0.205108487941
0.191595135968
0.181491695925
0.1730884171
0.215984654548
0.217958860147
0.169431554662
0.214428961131
0.201821694966
0.179623119086
0.207805988526
0.186693873808
0.215795034232
0.20574484821
0.195523067364
0.207389220972
0.197940057891
0.187024686608
0.213310796961
0.200095824536
0.12549472499
0.220205642905
0.198011539307
0.207284221614
0.209031587138
0.216574755377
0.202422684063
0.209360650405
0.205440255692
0.205264010072
0.210390627042
0.204630666412
0.210284245083
0.1979342493
0.216897943149
0.202477257723
0.205545248303
0.208432775098
0.210307469092
0.192899978883
0.188112813808
0.207449453965
0.181428724029
0.215487559714
0.190380891366
0.206039787682
0.215017077374
0.12288430997
0.208396873621
0.18570562573
0.203725458594
0.202831796706
0.20575434451
0.196135540502
0.207695870059
0.216198357859
0.210853571963
0.00424152052394
0.210252672752
0.204561034548
0.17306790855
0.211313674629
0.204280629199
0.216842278498
0.20552850802
0.177948194431
0.193191166009
0.20619044385
0.207133247112
0.212175281187
0.19763160307
0.217238278158
0.208425894439
0.20097366386
0.205426052965
0.19583611293
0.174335399198
0.208534664303
0.211349010973
0.198180227336
0.18391447074
0.212554845768
0.185118759635
0.214725064585
0.210249943455
0.221201080461
0.208845322997
0.212507124155
0.214810128535
0.199637142679
0.200202684573
0.220567004411
0.207855242175
0.209477251009
0.208094793959
0.21388620055
0.216277901736
0.20106850973
0.21040694411
0.210437269543
0.209870408231
0.216525572911
0.216028738021
0.214799542913
0.218973308464
0.213463362822
0.220146211352
0.219871563734
0.188537492387
0.178753071988
0.206658564683
0.204468068743
0.210906588994
0.199914696071
0.209110028749
0.216785359406
0.192570526582
0.213524098685
0.193555146513
0.206085457589
0.216012881929
0.201004601422
0.201309844745
0.172785413539
0.209653400384
0.203538718869
0.212172129049
0.211539244301
0.190173920924
0.218086997223
0.157631672534
0.213557520956
0.202131857157
0.208063206321
0.207924495519
0.214488899365
0.187382798071
0.201518853116
0.212746893916
0.198225288504
0.187410790096
0.20124116689
0.20589630532
0.210984316621
0.218951213233
0.206376722683
0.194704179711
0.213786228386
0.217102859007
0.212855146997
0.220496664249
0.217440411282
0.21747956832
0.217035676576
0.222028922225
0.221119595981
0.213404100887
0.221249643971
0.222025736642
0.218849462975
0.217266966836
0.211108427792
0.218238653243
0.222161693025
0.212346900035
0.211925984395
0.217386735352
0.205823581681
0.220381955377
0.220295966301
0.219269679122
0.221077481493
0.214394950883
0.221269951838
0.157393127988
0.220456140782
0.216825887361
0.220258535405
0.216071827294
0.221687568194
0.218705803751
0.18622338799
0.205462649613
0.220431952879
0.22174990722
0.214657042459
0.208765412346
0.221072624681
0.187716328726
0.216458597847
0.219889039455
0.219702728441
0.212013128168
0.219437555613
0.215602562033
0.22185191565
0.218333403369
0.213045462732
0.219446408212
0.219873869248
0.219827566419
0.214457451679
0.221986893414
0.220416335574
0.219876084259
0.216346172544
0.219468657431
0.211958294977
0.218567296302
0.221981149813
0.195881121506
0.218956869692
0.219626869699
0.220374870029
0.221169613565
0.159991571751
0.200263676598
0.220050496081
0.216803820076
0.217038955556
0.219785873871
0.20992301605
0.220174743017
0.21903457309
0.219174642991
0.20671612012
0.214642952579
0.219653447283
0.215227586471
0.219494231462
0.219638878008
0.221686583509
0.218968956658
0.218139850388
0.210185638068
0.220460118785
0.213653950512
0.217821074277
0.217983769859
0.215217151713
0.216598473198
0.222193108064
0.219449708813
0.220209777521
0.210385456241
0.219540731261
0.213694596393
0.221504119119
0.219900682241
0.17272423677
0.218548301901
0.207786989268
0.215661827039
0.221417736446
0.221825152542
0.214891489788
0.208953529128
0.221947935965
0.220608970669
0.219690829616
0.218524236817
0.22140186865
0.220471101513
0.206542280612
0.212129191535
0.21948430988
0.20016020667
0.21883716139
0.206162338103
0.212523924154
0.210617588922
0.219802647187
0.214926814949
0.222197261205
0.220851489394
0.21898639801
0.208312103493
0.221738681205
0.220144036397
0.218342823404
0.208941601468
0.213392766657
0.218456389323
0.215929995628
0.211857197001
0.213959956704
0.171821524633
0.212364739785
0.217304752304
0.213354639001
0.219793548177
0.216496697595
0.219094812084
0.216411552818
0.220756572952
0.207284948841
0.219391297688
0.209289546784
0.212210887074
0.196612778607
0.217175064656
0.220602269442
0.221581451523
0.217721467055
0.221200939016
0.220784615003
0.22077972827
0.208936235466
0.218902776633
0.201737541586
0.221088155566
0.218730845343
0.22053354182
0.21943629139
0.221669686492
0.218988723256
0.217282359402
0.221534442845
0.182719190137
0.211016042151
0.215213776302
0.220108794266
0.220417296258
0.211644817453
0.219808424654
0.219570630042
0.21946454846
0.220368247387
0.195858608616
0.212199904105
0.2205923274
0.21511618761
0.22191481304
0.211061838904
0.215687968809
0.219556758387
0.214210501311
0.218739872201
0.211622170037
0.219899438342
0.21539707523
0.211314778846
0.221427018819
0.219106445025
0.155515714412
0.191932598216
0.218407768741
0.219577326759
0.218850481507
0.220680631311
0.222072026787
0.218402224234
0.221796273434
0.221592687517
0.207895473748
0.207874024267
0.216763597719
0.220576851779
0.221796754269
0.220555849517
0.215687905735
0.220049983793
0.212931226613
0.219834161393
0.216103841094
0.221414727857
0.21757176228
0.216952275074
0.218319594348
0.219655756685
0.214190599814
0.218904683245
0.213659254613
0.220035992538
0.217495943366
0.218409344398
0.211849079279
0.219915573673
0.207150889958
0.219080106068
0.215174223043
0.209699771775
0.199428811793
0.215798808806
0.215208906634
0.211187619437
0.214739437067
0.219508803561
0.210785694586
0.222185367481
0.221720401212
0.219453503297
0.219177436133
0.219640033946
0.182936347682
0.216669156234
0.215985822518
0.213149109592
0.179217646966
0.215859691151
0.219771468094
0.200879338233
0.217083413343
0.220230911553
0.217003036898
0.210984014761
0.156150060917
0.221731177845
0.212999560297
0.211357411453
0.219764010902
0.221585120827
0.218032945414
0.221774114934
0.207041073667
0.220733844237
0.206238640025
0.219565168098
0.220866566061
0.133256618326
0.215771936365
0.220696429457
0.221743967833
0.221365607484
0.218567276302
0.207868230823
0.220666132349
0.219821072463
0.219240017927
0.218621044655
0.213482383908
0.219387914568
0.221417055167
0.221156612567
0.217250946619
0.222082149845
0.214452962431
0.218989141981
0.219212083145
0.197485146783
0.190472670927
0.221443892615
0.217628388312
0.218416462396
0.205638195181
0.22014646251
0.218803359416
0.222171301866
0.221540332494
0.218844593282
0.221093161497
0.220465522071
0.220641736682
0.195393460055
0.220460789516
0.218210789375
0.219732403579
0.220484753855
0.221470603562
0.2211849006
0.216743795886
0.215457093536
0.222067517138
0.216963006054
0.189111181292
0.220392424996
0.219671189128
0.215094884767
0.218262780376
0.222108184581
0.218201802755
0.220423954518
0.220883512737
0.220667189302
0.221905538437
0.210279207561
0.21713035772
0.19787331174
0.212611221574
0.220640169125
0.214424627858
0.221987381281
0.205546169588
0.196088215554
0.215545127054
0.22178244658
0.219357700178
0.196534192932
0.2207961746
0.217688282203
0.220454234424
0.212488573407
0.218645827636
0.219770603149
0.219934563895
0.19073894718
0.220747645261
0.206691019742
0.221978669947
0.218482051124
0.217619084242
0.220365395327
0.210133600945
0.219089183505
0.222127267328
0.219624704647
0.220199943966
0.220642014447
0.221117293677
0.220547694897
0.221180483113
0.21473243248
0.19919960844
0.202538060319
0.211861374258
0.222201168284
0.214520912938
0.218561644975
0.193483969319
0.219450234913
0.218728957902
0.222180167186
0.219398623546
0.221772328222
0.222173386598
0.218252849357
0.15856149028
0.218300134894
0.216417412324
0.216937781963
0.204280725878
0.221766617139
0.21541135714
0.220086510756
0.217501036716
0.216955532503
0.221429705167
0.220401068828
0.2179553787
0.200269423605
0.22059230945
0.142922793913
0.217417513165
0.219612197019
0.216896618347
0.219748510741
0.21938208142
0.22039993274
0.218797837152
0.217553773105
0.21652553323
0.22188722658
0.219567767076
0.17046593699
0.220715058139
0.219490806655
0.215818813679
0.219498652602
0.220752257966
0.219067741175
0.21641744003
0.220453100328
0.220362055463
0.222155224693
0.221219670147
0.208790573771
0.217508589175
0.206601510811
0.214340064066
0.219526956042
0.218528310477
0.217911983463
0.219718404415
0.218201281425
0.220560045719
0.221701968594
0.17438544449
0.218367641311
0.213591263623
0.215004376866
0.219973400309
0.218311996164
0.22077735175
0.208248026631
0.20642874235
0.168167119004
0.221855746933
0.222154156305
0.216948416858
0.214405080453
0.209648394542
0.21967835988
0.222004425692
0.221279385289
0.209502230532
0.219749878785
0.220885757669
0.214553885612
0.221132027428
0.218901245045
0.210313484491
0.215894370003
0.214190381047
0.221359775299
0.217781908775
0.217275419862
0.221966408275
0.219990312805
0.211518471594
0.212716545754
0.221317234894
0.208946443465
0.219675339351
0.214524186472
0.220989608966
0.216264561772
0.214958724999
0.218489896571
0.220706892374
0.219349116577
0.218633245334
0.217429893733
0.221565602361
0.219386607012
0.221595359201
0.221074722321
0.220166238465
0.21943044853
0.220610361609
0.188163687632
0.220663990798
0.215658737785
0.213233325195
0.219741331142
0.219670506996
0.221561345386
0.219646501325
0.215231062779
0.218522248179
0.218101287297
0.215451341994
0.218202235183
0.221528258993
0.222113343293
0.217349939776
0.221646399503
0.210537357557
0.221736649336
0.213072241482
0.217151441305
0.221745524671
0.182234446554
0.219732562325
0.22150451213
0.221136564909
0.22141930039
0.221062862339
0.218535014506
0.219105955083
0.218954477728
0.21267986431
0.212457464428
0.217144402578
0.220584815173
0.213877359465
0.216290593641
0.221020945701
0.221941229948
0.219885719842
0.220845540075
0.109614374431
0.209208436144
0.217974527664
0.21848151674
0.217867297169
0.220236382084
0.210537824546
0.200137901678
0.215560183897
0.213813367022
0.204136348571
0.218635343921
0.21620372718
0.215407104975
0.21984887494
0.218607822813
0.219965011532
0.218365939479
0.221657804717
0.22034097334
0.216171902872
0.220760398947
0.216656126895
0.220504624189
0.221519450138
0.213694073977
0.215721194145
0.21949174765
0.221599635155
0.216315440987
0.212155183533
0.211783922188
0.219460051994
0.220731845699
0.221911430742
0.216524133356
0.213450232381
0.218551443701
0.220850346539
0.219225157017
0.218719692031
0.218687532492
0.215313169895
0.215795050776
0.2221288596
0.219645667144
0.220864017856
0.219284801344
0.207620073748
0.206284661568
0.221307141956
0.209181829074
0.222101679076
0.221164905329
0.211181748891
0.21385259431
0.218265229269
0.220337282482
0.211751930275
0.216123358109
0.222004897925
0.205035989836
0.218367469196
0.218565066442
0.214076508531
0.218001605032
0.220075332886
0.222079122964
0.207990102894
0.221760944311
0.217155926015
0.209259567084
0.210074860955
0.218870892313
0.221748324819
0.217032298936
0.219504922415
0.221724435928
0.214108518275
0.216914560898
0.220699496634
0.222095179572
0.208608054991
0.212950044997
0.214344963573
0.207909425798
0.21087985393
0.210641026602
0.21006125846
0.218776886229
0.218464558706
0.209025175587
0.218857793826
0.217819841506
0.221480298755
0.218550190859
0.215984276877
0.221059711812
0.218166055508
0.215486854596
0.220024615002
0.220574522979
0.216099987574
0.218501752562
0.212193700869
0.217651078678
0.204975535396
0.217882477385
0.215948659789
0.208483469896
0.193926489755
0.221394813241
0.221475830409
0.206643394901
0.212271744938
0.219475932846
0.220639441438
0.201799063159
0.214113321371
0.206119093699
0.219553612927
0.211300859396
0.222012372292
0.214976508411
0.180255704529
0.219552773122
0.220137427518
0.220887009657
0.211703253002
0.22020289293
0.218475776419
0.221872174021
0.217048861005
0.218211467895
0.221067395933
0.209249009211
0.216202363767
0.22213057613
0.219263595596
0.211371480831
0.210639825424
0.218664693281
0.216291472789
0.205838848227
0.204127445066
0.203845803212
0.200138776671
0.175806882809
0.198730451157
0.205955149361
0.198194736043
0.193189781762
0.195098539999
0.201939758678
0.190677597334
0.197188148573
0.115775073669
0.168402900803
0.179588796855
0.201267439935
0.198301274363
0.199651373476
0.187668121918
0.0306944495681
0.182116151501
0.167683407112
0.207432836891
0.178955385944
0.197170460739
0.204024305934
0.19036256614
0.199715085285
0.216482624167
0.209892867805
0.213098092777
0.172395436332
0.209743031961
0.19634925178
0.192009259025
0.192061377833
0.190191480267
0.204372447773
0.197898176609
0.197314893137
0.198662582427
0.175765723131
0.210797121032
0.177935157916
0.208231557353
0.20251418597
0.10400971758
0.210768026634
0.18082281234
0.125187789631
0.210252508947
0.202292796718
0.198100472001
0.204199634516
0.190406737875
0.189159908019
0.182338757549
0.160571531829
0.203669958408
0.203372842007
0.205550772931
0.200317486058
0.194691010486
0.203821829489
0.123474034836
0.163268796336
0.19291693909
0.18905266426
0.210804829535
0.199818450114
0.206977506386
0.199817758735
0.163486121735
0.177541919012
0.185342374574
0.19578915982
0.19954949553
0.214608829312
0.197402787114
0.204026515039
0.205063349597
0.212664727954
0.209039182947
0.182041329233
0.195158826409
0.0477205145685
0.184892623568
0.196642441516
0.190217010243
0.16691091597
0.169832592898
0.205805793579
0.201793668926
0.185684799219
0.1937027198
0.18430122936
0.211494791906
0.18862834553
0.194979532052
0.190040436922
0.191656646053
0.180605483506
0.189868039524
0.202888022801
0.187388458282
0.197042890294
0.176109408553
0.217306040714
0.1857790085
0.202081904437
0.175101696776
0.208492987704
0.188593840077
0.184882054392
0.206813902056
0.199763385928
0.164039040686
0.185019442338
0.178841356656
0.173696291882
0.187730686145
0.197379086141
0.185137696175
0.207512997582
0.203911775893
0.163711887931
0.19057714233
0.0965881739516
0.209156749885
0.19889177244
0.18648082309
0.191691709638
0.14143670072
0.161949844517
0.188040220982
0.180496650276
0.193749370621
0.185328535388
0.203673139313
0.195280354119
0.202287925058
0.0656929835739
0.197880790626
0.200020226439
0.199801885865
0.173446497727
0.196227614874
0.20981331632
0.195867064278
0.204354934135
0.197910243744
0.209572411249
0.00662395650404
0.193008570334
0.176602786904
0.193370383929
0.202683514064
0.189967110936
0.185715021513
0.198740784845
0.206811746832
0.196168309955
0.202942994943
0.208222967671
0.196754098098
0.202158500412
0.187118071958
0.118472417839
0.214259321756
0.208506078657
0.188308882582
0.197941134232
0.200164551436
0.11958236133
0.217209243059
0.196751786358
0.186163206164
0.204625661336
0.202372146285
0.200329310738
0.201087069713
0.180387032415
0.207208927125
0.208678018847
0.191079956779
0.182774491586
0.201851154667
0.18912738671
0.102559367229
0.188558172037
0.201104181956
0.201263272258
0.194643397027
0.16002706165
0.196509834414
0.209636053423
0.209138337106
0.211302867424
0.215967503262
0.17298256791
0.218247214388
0.186134370146
0.185516018618
0.195135246366
0.187936754319
0.202260780706
0.209103233954
0.203123930006
0.197576613551
0.203227466773
0.200208294657
0.203082123961
0.00887052077796
0.208113298779
0.191807541313
0.189600358299
0.207684851037
0.210978192059
0.198824497342
0.198117416561
0.192174825978
0.194560278925
0.200272988207
0.203564720879
0.184554099582
0.186023923983
0.201903896314
0.184830092652
0.210499862192
0.187339775452
0.172795734356
0.169011259261
0.197827330041
0.208922648037
0.185887209139
0.197860165041
0.197183694089
0.177114612608
0.186479973585
0.204919664753
0.123214289762
0.198092127996
0.198305159752
0.211576649353
0.207745392297
0.210809007561
0.213886226662
0.200527078782
0.209537257545
0.197320566825
0.171019997504
0.187128354275
0.202711125803
0.192774325318
0.194284860514
0.20691257557
0.209941615361
0.206233517954
0.202059494003
0.208259893055
0.214548785024
0.188590284753
0.206597111017
0.106635249794
0.193177723689
0.201985323242
0.205139007639
0.20709732017
0.216532818614
0.19631839925
0.14856560408
0.200056058811
0.203674107713
0.180199116816
0.206570091704
0.191126026665
0.190300972679
0.204561896351
0.181174681236
0.203916133937
0.211128946182
0.198169243687
0.208417371449
0.150272909749
0.201778708555
0.1958235553
0.193205292939
0.178715841618
0.20493965574
0.189820180783
0.196602063023
0.210381614368
0.193214588067
0.211309412166
0.196623601738
0.200250607459
0.196191286461
0.205502642931